0.000000000000000000e+00 9.638379514217376709e-02
1.000000000000000000e+00 4.980760067701339722e-02
2.000000000000000000e+00 3.490559011697769165e-02
3.000000000000000000e+00 2.538563869893550873e-02
4.000000000000000000e+00 1.877382025122642517e-02
5.000000000000000000e+00 1.413668505847454071e-02
6.000000000000000000e+00 1.071206666529178619e-02
7.000000000000000000e+00 8.280673995614051819e-03
8.000000000000000000e+00 6.367309484630823135e-03
9.000000000000000000e+00 4.993127193301916122e-03
1.000000000000000000e+01 3.959412686526775360e-03
1.100000000000000000e+01 3.165111644193530083e-03
1.200000000000000000e+01 2.595641184598207474e-03
1.300000000000000000e+01 2.156370785087347031e-03
1.400000000000000000e+01 1.780176186002790928e-03
1.500000000000000000e+01 1.554168062284588814e-03
1.600000000000000000e+01 1.272834488190710545e-03
1.700000000000000000e+01 1.112252706661820412e-03
1.800000000000000000e+01 1.005243626423180103e-03
1.900000000000000000e+01 9.136063163168728352e-04
2.000000000000000000e+01 8.672415278851985931e-04
2.100000000000000000e+01 7.595805800519883633e-04
2.200000000000000000e+01 7.863180944696068764e-04
2.300000000000000000e+01 7.367890793830156326e-04
2.400000000000000000e+01 6.283003604039549828e-04
2.500000000000000000e+01 4.674094379879534245e-04
2.600000000000000000e+01 4.579598898999392986e-04
2.700000000000000000e+01 4.588615265674889088e-04
2.800000000000000000e+01 4.509836435317993164e-04
2.900000000000000000e+01 2.918342943303287029e-04
3.000000000000000000e+01 1.607867889106273651e-04
3.100000000000000000e+01 2.034112840192392468e-04
3.200000000000000000e+01 2.625445486046373844e-04
3.300000000000000000e+01 3.027188940905034542e-04
3.400000000000000000e+01 2.239412569906562567e-04
3.500000000000000000e+01 2.248832461191341281e-04
3.600000000000000000e+01 2.602322783786803484e-04
3.700000000000000000e+01 2.620492014102637768e-04
3.800000000000000000e+01 2.773112209979444742e-04
3.900000000000000000e+01 2.942871651612222195e-04
4.000000000000000000e+01 3.799550177063792944e-04
4.100000000000000000e+01 3.178050392307341099e-04
4.200000000000000000e+01 3.213151649106293917e-04
4.300000000000000000e+01 3.042957396246492863e-04
4.400000000000000000e+01 3.012769157066941261e-04
4.500000000000000000e+01 3.361271228641271591e-04
4.600000000000000000e+01 2.425624115858227015e-04
4.700000000000000000e+01 2.474356442689895630e-04
4.800000000000000000e+01 1.345318742096424103e-04
4.900000000000000000e+01 9.238116035703569651e-05
5.000000000000000000e+01 1.806258114811498672e-05
5.100000000000000000e+01 7.397477747872471809e-05
5.200000000000000000e+01 1.159921957878395915e-04
5.300000000000000000e+01 1.093697355827316642e-04
5.400000000000000000e+01 7.153685146477073431e-05
5.500000000000000000e+01 3.226347689633257687e-05
5.600000000000000000e+01 1.313202374149113894e-04
5.700000000000000000e+01 6.074723205529153347e-05
5.800000000000000000e+01 1.261254947166889906e-04
5.900000000000000000e+01 8.803738455753773451e-05
6.000000000000000000e+01 1.437583850929513574e-04
6.100000000000000000e+01 2.344483509659767151e-04
6.200000000000000000e+01 2.238688466604799032e-04
6.300000000000000000e+01 2.357045595999807119e-04
6.400000000000000000e+01 1.404587819706648588e-04
6.500000000000000000e+01 1.130847813328728080e-04
6.600000000000000000e+01 1.104156253859400749e-04
6.700000000000000000e+01 -2.066937304334715009e-05
6.800000000000000000e+01 -1.945878320839256048e-04
6.900000000000000000e+01 -1.163399429060518742e-04
7.000000000000000000e+01 1.052938478096621111e-05
7.100000000000000000e+01 -2.559637141530402005e-05
7.200000000000000000e+01 9.759501153894234449e-06
7.300000000000000000e+01 -1.222144055645912886e-04
7.400000000000000000e+01 -5.113554652780294418e-05
7.500000000000000000e+01 -1.106988274841569364e-04
7.600000000000000000e+01 -1.537514253868721426e-05
7.700000000000000000e+01 1.444597546651493758e-05
7.800000000000000000e+01 7.813726369931828231e-06
7.900000000000000000e+01 -1.430395350325852633e-04
8.000000000000000000e+01 -1.502083323430269957e-04
8.100000000000000000e+01 -6.374019721988588572e-05
8.200000000000000000e+01 -1.224351872224360704e-04
8.300000000000000000e+01 -2.241968177258968353e-04
8.400000000000000000e+01 -1.465166860725730658e-04
8.500000000000000000e+01 -1.625146978767588735e-04
8.600000000000000000e+01 -1.731875963741913438e-04
8.700000000000000000e+01 -7.355858542723581195e-05
8.800000000000000000e+01 -1.035458844853565097e-04
8.900000000000000000e+01 -1.123698675655759871e-04
9.000000000000000000e+01 -1.264265447389334440e-04
9.100000000000000000e+01 -1.116226922022178769e-04
9.200000000000000000e+01 -6.124421634012833238e-05
9.300000000000000000e+01 -1.493236486567184329e-04
9.400000000000000000e+01 -5.120493733556941152e-05
9.500000000000000000e+01 -1.454185075999703258e-05
9.600000000000000000e+01 9.300361853092908859e-05
9.700000000000000000e+01 6.094310083426535130e-05
9.800000000000000000e+01 4.938178608426824212e-05
9.900000000000000000e+01 -1.885734855022747070e-05
1.000000000000000000e+02 8.028777665458619595e-05
1.010000000000000000e+02 -3.080145688727498055e-05
1.020000000000000000e+02 -8.650780364405363798e-05
1.030000000000000000e+02 -6.668808782706037164e-05
1.040000000000000000e+02 -1.243972219526767731e-04
1.050000000000000000e+02 -9.711219172459095716e-05
1.060000000000000000e+02 -3.695315172080881894e-05
1.070000000000000000e+02 1.501710648881271482e-04
1.080000000000000000e+02 9.295615745941177011e-05
1.090000000000000000e+02 4.403735874802805483e-05
1.100000000000000000e+02 -7.158224434533622116e-06
1.110000000000000000e+02 4.116138370591215789e-05
1.120000000000000000e+02 1.340515154879540205e-04
1.130000000000000000e+02 1.922058581840246916e-04
1.140000000000000000e+02 1.960653316928073764e-04
1.150000000000000000e+02 1.290778309339657426e-04
1.160000000000000000e+02 1.224090665346011519e-04
1.170000000000000000e+02 9.775052603799849749e-05
1.180000000000000000e+02 2.535756721044890583e-05
1.190000000000000000e+02 1.937592287504230626e-06
1.200000000000000000e+02 -3.968015880673192441e-05
1.210000000000000000e+02 -1.308127248194068670e-04
1.220000000000000000e+02 -4.489221464609727263e-05
1.230000000000000000e+02 -8.360423089470714331e-05
1.240000000000000000e+02 -8.530821651220321655e-05
1.250000000000000000e+02 -1.092135644285008311e-04
1.260000000000000000e+02 -8.899885870050638914e-05
1.270000000000000000e+02 5.087436147732660174e-05
1.280000000000000000e+02 1.928588899318128824e-04
1.290000000000000000e+02 1.167710288427770138e-04
1.300000000000000000e+02 1.097455242415890098e-04
1.310000000000000000e+02 1.459147315472364426e-04
1.320000000000000000e+02 9.505434718448668718e-05
1.330000000000000000e+02 -1.965705814654938877e-05
1.340000000000000000e+02 9.021010919241234660e-05
1.350000000000000000e+02 -1.504821284470381215e-05
1.360000000000000000e+02 -3.972606646129861474e-05
1.370000000000000000e+02 -7.472153811249881983e-05
1.380000000000000000e+02 1.009423158393474296e-06
1.390000000000000000e+02 -7.100238690327387303e-06
1.400000000000000000e+02 5.845486157340928912e-06
1.410000000000000000e+02 8.081546548055484891e-05
1.420000000000000000e+02 -1.222763216901512351e-06
1.430000000000000000e+02 3.725085116457194090e-05
1.440000000000000000e+02 6.749514432158321142e-05
1.450000000000000000e+02 8.447332220384851098e-05
1.460000000000000000e+02 4.083193925907835364e-05
1.470000000000000000e+02 1.824674313866125885e-06
1.480000000000000000e+02 1.128626990976044908e-05
1.490000000000000000e+02 -1.433221314073307440e-05
1.500000000000000000e+02 -3.820234269369393587e-05
1.510000000000000000e+02 2.468324964866042137e-05
1.520000000000000000e+02 6.550143552885856479e-06
1.530000000000000000e+02 8.808580605546012521e-05
1.540000000000000000e+02 1.026585086947306991e-04
1.550000000000000000e+02 1.079412759281694889e-04
1.560000000000000000e+02 5.187786882743239403e-05
1.570000000000000000e+02 1.344711345154792070e-04
1.580000000000000000e+02 1.167128648376092315e-04
1.590000000000000000e+02 9.968069934984669089e-05
1.600000000000000000e+02 2.653613410075195134e-05
1.610000000000000000e+02 4.368394002085551620e-05
1.620000000000000000e+02 8.311159035656601191e-05
1.630000000000000000e+02 -4.013292709714733064e-05
1.640000000000000000e+02 -8.519824405084364116e-06
1.650000000000000000e+02 8.812086889520287514e-05
1.660000000000000000e+02 1.107310308725573123e-04
1.670000000000000000e+02 3.013627974723931402e-05
1.680000000000000000e+02 7.703567825956270099e-05
1.690000000000000000e+02 6.195398600539192557e-05
1.700000000000000000e+02 5.777251317340414971e-06
1.710000000000000000e+02 -1.434475962014403194e-05
1.720000000000000000e+02 -1.026742552312498447e-06
1.730000000000000000e+02 1.739718754834029824e-05
1.740000000000000000e+02 7.405877840938046575e-05
1.750000000000000000e+02 8.492100459989160299e-05
1.760000000000000000e+02 7.577450742246583104e-05
1.770000000000000000e+02 4.778307629749178886e-05
1.780000000000000000e+02 4.684437953983433545e-05
1.790000000000000000e+02 -3.701749301399104297e-05
1.800000000000000000e+02 -5.527864414034411311e-05
1.810000000000000000e+02 -1.392492704326286912e-04
1.820000000000000000e+02 -6.490339728770777583e-05
1.830000000000000000e+02 -7.941857620608061552e-05
1.840000000000000000e+02 -1.054340609698556364e-04
1.850000000000000000e+02 -4.185485158814117312e-05
1.860000000000000000e+02 -5.022159166401252151e-05
1.870000000000000000e+02 -5.936096931691281497e-05
1.880000000000000000e+02 6.596955790882930160e-05
1.890000000000000000e+02 9.371032319904770702e-06
1.900000000000000000e+02 -7.711295620538294315e-05
1.910000000000000000e+02 -9.108028461923822761e-05
1.920000000000000000e+02 1.619459908397402614e-05
1.930000000000000000e+02 -8.401357263210229576e-06
1.940000000000000000e+02 -6.959878373891115189e-05
1.950000000000000000e+02 -1.444531662855297327e-04
1.960000000000000000e+02 -6.471043161582201719e-05
1.970000000000000000e+02 -1.441781350877135992e-04
1.980000000000000000e+02 -1.300235744565725327e-04
1.990000000000000000e+02 -3.355811713845469058e-05
2.000000000000000000e+02 -2.233884515590034425e-05
2.010000000000000000e+02 -1.438265462638810277e-04
2.020000000000000000e+02 -1.872301363619044423e-04
2.030000000000000000e+02 -1.899353519547730684e-04
2.040000000000000000e+02 -1.160048850579187274e-04
2.050000000000000000e+02 7.678629117435775697e-06
2.060000000000000000e+02 -2.355982724111527205e-05
2.070000000000000000e+02 -1.395609724568203092e-04
2.080000000000000000e+02 -1.142495530075393617e-04
2.090000000000000000e+02 -1.356338361802045256e-05
2.100000000000000000e+02 -9.940578456735238433e-05
2.110000000000000000e+02 -4.009152326034381986e-05
2.120000000000000000e+02 -1.381792390020564198e-05
2.130000000000000000e+02 3.703738912008702755e-05
2.140000000000000000e+02 -9.203651279676705599e-05
2.150000000000000000e+02 -7.194134377641603351e-05
2.160000000000000000e+02 -2.779150599963031709e-05
2.170000000000000000e+02 -8.570541103836148977e-05
2.180000000000000000e+02 -3.986370575148612261e-05
2.190000000000000000e+02 1.202199018734972924e-05
2.200000000000000000e+02 -1.639471520320512354e-05
2.210000000000000000e+02 -1.168997405329719186e-04
2.220000000000000000e+02 -5.217856960371136665e-05
2.230000000000000000e+02 -4.127536158193834126e-05
2.240000000000000000e+02 1.546653402328956872e-05
2.250000000000000000e+02 6.989889516262337565e-05
2.260000000000000000e+02 6.004376336932182312e-05
2.270000000000000000e+02 4.823897324968129396e-05
2.280000000000000000e+02 8.075642108451575041e-05
2.290000000000000000e+02 2.518056135158985853e-05
2.300000000000000000e+02 -1.184193934022914618e-05
2.310000000000000000e+02 -9.732974831422325224e-06
2.320000000000000000e+02 8.075990081124473363e-06
2.330000000000000000e+02 8.902680974642862566e-07
2.340000000000000000e+02 1.445412522116384935e-06
2.350000000000000000e+02 -2.384999334026360884e-06
2.360000000000000000e+02 -2.286619201186113060e-05
2.370000000000000000e+02 3.250232839491218328e-05
2.380000000000000000e+02 -5.322575452737510204e-05
2.390000000000000000e+02 -2.589359974081162363e-05
2.400000000000000000e+02 -8.400443766731768847e-05
2.410000000000000000e+02 -1.258182310266420245e-04
2.420000000000000000e+02 -1.367042277706786990e-04
2.430000000000000000e+02 -2.073287032544612885e-04
2.440000000000000000e+02 -1.864391379058361053e-04
2.450000000000000000e+02 -5.616274938802234828e-05
2.460000000000000000e+02 -1.521685335319489241e-04
2.470000000000000000e+02 -2.626538625918328762e-04
2.480000000000000000e+02 -2.817414933815598488e-04
2.490000000000000000e+02 -3.187680849805474281e-04
2.500000000000000000e+02 -2.516814274713397026e-04
2.510000000000000000e+02 -2.890028408728539944e-04
2.520000000000000000e+02 -3.098071319982409477e-04
2.530000000000000000e+02 -2.476409717928618193e-04
2.540000000000000000e+02 -2.547329349908977747e-04
2.550000000000000000e+02 -2.207178913522511721e-04
2.560000000000000000e+02 -2.438088849885389209e-04
2.570000000000000000e+02 -1.728140196064487100e-04
2.580000000000000000e+02 -1.770026283338665962e-04
2.590000000000000000e+02 -5.843892722623422742e-05
2.600000000000000000e+02 -3.066307544941082597e-05
2.610000000000000000e+02 -5.157149280421435833e-05
2.620000000000000000e+02 3.514286800054833293e-05
2.630000000000000000e+02 -2.595082332845777273e-05
2.640000000000000000e+02 -5.464983132696943358e-06
2.650000000000000000e+02 -6.316525832517072558e-05
2.660000000000000000e+02 1.482677034800872207e-04
2.670000000000000000e+02 1.244961749762296677e-04
2.680000000000000000e+02 1.134544363594613969e-04
2.690000000000000000e+02 1.286380138481035829e-04
2.700000000000000000e+02 1.428615942131727934e-04
2.710000000000000000e+02 6.548147212015464902e-05
2.720000000000000000e+02 1.858317045844160020e-05
2.730000000000000000e+02 5.176517151994630694e-05
2.740000000000000000e+02 1.828242093324661255e-04
2.750000000000000000e+02 7.998260844033211470e-05
2.760000000000000000e+02 -3.159248080919496715e-05
2.770000000000000000e+02 -8.022539077501278371e-06
2.780000000000000000e+02 -3.615158857428468764e-05
2.790000000000000000e+02 -1.479248112445930019e-06
2.800000000000000000e+02 2.880860483855940402e-05
2.810000000000000000e+02 5.932256317464634776e-05
2.820000000000000000e+02 1.653301587793976068e-04
2.830000000000000000e+02 1.150658717961050570e-04
2.840000000000000000e+02 1.296816917601972818e-04
2.850000000000000000e+02 1.033709049806930125e-04
2.860000000000000000e+02 1.089582074200734496e-04
2.870000000000000000e+02 8.665312634548172355e-05
2.880000000000000000e+02 8.647036884212866426e-05
2.890000000000000000e+02 2.666969885467551649e-05
2.900000000000000000e+02 -7.798348087817430496e-05
2.910000000000000000e+02 -6.214607856236398220e-05
2.920000000000000000e+02 -1.005208323476836085e-04
2.930000000000000000e+02 -1.365768275718437508e-05
2.940000000000000000e+02 -5.059201430412940681e-05
2.950000000000000000e+02 -4.799693488166667521e-05
2.960000000000000000e+02 8.294884537463076413e-06
2.970000000000000000e+02 -3.081623435718938708e-05
2.980000000000000000e+02 -8.887443982530385256e-06
2.990000000000000000e+02 -5.008481821278110147e-05
3.000000000000000000e+02 -1.628237951081246138e-04
3.010000000000000000e+02 -2.943846993730403483e-05
3.020000000000000000e+02 7.506877409468870610e-06
3.030000000000000000e+02 7.688896585023030639e-05
3.040000000000000000e+02 3.040700903511606157e-05
3.050000000000000000e+02 -7.578441000077873468e-05
3.060000000000000000e+02 -1.294253306696191430e-04
3.070000000000000000e+02 -5.659260932588949800e-05
3.080000000000000000e+02 -1.248380140168592334e-04
3.090000000000000000e+02 -1.482186344219371676e-04
3.100000000000000000e+02 9.628472980693913996e-06
3.110000000000000000e+02 4.477695256355218589e-05
3.120000000000000000e+02 -2.527567630750127137e-05
3.130000000000000000e+02 -1.089755314751528203e-04
3.140000000000000000e+02 -1.899467606563121080e-04
3.150000000000000000e+02 -2.073885116260498762e-04
3.160000000000000000e+02 -2.046449371846392751e-04
3.170000000000000000e+02 -3.020695294253528118e-04
3.180000000000000000e+02 -2.279471664223819971e-04
3.190000000000000000e+02 -2.065226726699620485e-04
3.200000000000000000e+02 -2.265710791107267141e-04
3.210000000000000000e+02 -3.469393122941255569e-04
3.220000000000000000e+02 -3.041012096218764782e-04
3.230000000000000000e+02 -3.015853289980441332e-04
3.240000000000000000e+02 -2.693691640160977840e-04
3.250000000000000000e+02 -1.513605384388938546e-04
3.260000000000000000e+02 -1.330863160546869040e-04
3.270000000000000000e+02 -4.200207695248536766e-05
3.280000000000000000e+02 -9.502706961939111352e-05
3.290000000000000000e+02 -1.763464679243043065e-04
3.300000000000000000e+02 -2.794525971694383770e-05
3.310000000000000000e+02 -1.303961907979100943e-04
3.320000000000000000e+02 -1.096725609386339784e-04
3.330000000000000000e+02 -1.069930149242281914e-04
3.340000000000000000e+02 -1.940881629707291722e-04
3.350000000000000000e+02 -1.317914866376668215e-04
3.360000000000000000e+02 -1.287830673390999436e-04
3.370000000000000000e+02 -1.487088447902351618e-04
3.380000000000000000e+02 -1.706876064417883754e-04
3.390000000000000000e+02 -2.585754846222698689e-04
3.400000000000000000e+02 -2.744450466707348824e-04
3.410000000000000000e+02 -2.704139624256640673e-04
3.420000000000000000e+02 -2.816074993461370468e-04
3.430000000000000000e+02 -1.946120901266112924e-04
3.440000000000000000e+02 -2.907174348365515471e-04
3.450000000000000000e+02 -1.875687012216076255e-04
3.460000000000000000e+02 -1.559349184390157461e-04
3.470000000000000000e+02 -1.292287925025448203e-04
3.480000000000000000e+02 -1.478042104281485081e-04
3.490000000000000000e+02 -1.472801959607750177e-04
3.500000000000000000e+02 -9.966596553567796946e-05
3.510000000000000000e+02 -1.094124891096726060e-04
3.520000000000000000e+02 -1.288896601181477308e-04
3.530000000000000000e+02 -5.717096428270451725e-05
3.540000000000000000e+02 -4.994201663066633046e-05
3.550000000000000000e+02 -1.328806392848491669e-04
3.560000000000000000e+02 -6.866620242362841964e-05
3.570000000000000000e+02 4.820763933821581304e-05
3.580000000000000000e+02 4.571584577206522226e-05
3.590000000000000000e+02 1.990450109587982297e-04
3.600000000000000000e+02 2.352326846448704600e-04
3.610000000000000000e+02 2.858275256585329771e-04
3.620000000000000000e+02 2.233640989288687706e-04
3.630000000000000000e+02 1.818883465602993965e-04
3.640000000000000000e+02 1.709532953100278974e-04
3.650000000000000000e+02 1.266944018425419927e-04
3.660000000000000000e+02 1.785107597243040800e-04
3.670000000000000000e+02 1.720514410408213735e-04
3.680000000000000000e+02 2.368479472352191806e-04
3.690000000000000000e+02 1.949563156813383102e-04
3.700000000000000000e+02 1.936008629854768515e-04
3.710000000000000000e+02 8.322374924318864942e-05
3.720000000000000000e+02 1.307780767092481256e-04
3.730000000000000000e+02 1.098533030017279088e-04
3.740000000000000000e+02 1.019435439957305789e-04
3.750000000000000000e+02 1.179384271381422877e-04
3.760000000000000000e+02 8.706998778507113457e-05
3.770000000000000000e+02 1.224740117322653532e-04
3.780000000000000000e+02 1.438609760953113437e-04
3.790000000000000000e+02 8.455200440948829055e-05
3.800000000000000000e+02 3.922337418771348894e-05
3.810000000000000000e+02 -4.597398219630122185e-05
3.820000000000000000e+02 -1.171241547126555815e-05
3.830000000000000000e+02 5.428021540865302086e-05
3.840000000000000000e+02 9.068300278158858418e-05
3.850000000000000000e+02 1.969644363271072507e-04
3.860000000000000000e+02 1.338450383627787232e-04
3.870000000000000000e+02 1.960120425792410970e-04
3.880000000000000000e+02 9.856865654001012444e-05
3.890000000000000000e+02 4.871067358180880547e-05
3.900000000000000000e+02 -1.981619061552919447e-05
3.910000000000000000e+02 -2.817122185660991818e-05
3.920000000000000000e+02 -1.201009872602298856e-04
3.930000000000000000e+02 -1.282880257349461317e-04
3.940000000000000000e+02 -1.195129952975548804e-04
3.950000000000000000e+02 1.795380342173302779e-07
3.960000000000000000e+02 1.082415110431611538e-04
3.970000000000000000e+02 2.394650437054224312e-05
3.980000000000000000e+02 -1.217001226905267686e-05
3.990000000000000000e+02 -1.679957131273113191e-05
4.000000000000000000e+02 -1.101158995879814029e-04
4.010000000000000000e+02 -4.630319381249137223e-05
4.020000000000000000e+02 4.974040348315611482e-05
4.030000000000000000e+02 1.117083156714215875e-04
4.040000000000000000e+02 2.282426794408820570e-05
4.050000000000000000e+02 6.946398934815078974e-05
4.060000000000000000e+02 1.402570633217692375e-04
4.070000000000000000e+02 1.865322992671281099e-04
4.080000000000000000e+02 2.462700358591973782e-04
4.090000000000000000e+02 1.919423812068998814e-04
4.100000000000000000e+02 8.091152267297729850e-05
4.110000000000000000e+02 1.093379105441272259e-04
4.120000000000000000e+02 1.902350049931555986e-04
4.130000000000000000e+02 1.103654649341478944e-04
4.140000000000000000e+02 1.816217554733157158e-04
4.150000000000000000e+02 1.219729747390374541e-04
4.160000000000000000e+02 9.763088019099086523e-05
4.170000000000000000e+02 -2.686357220227364451e-05
4.180000000000000000e+02 5.601521024800604209e-06
4.190000000000000000e+02 -6.920065789017826319e-05
4.200000000000000000e+02 -4.603492197929881513e-05
4.210000000000000000e+02 2.782718547678086907e-05
4.220000000000000000e+02 8.257263107225298882e-05
4.230000000000000000e+02 1.166314832516945899e-04
4.240000000000000000e+02 9.061099262908101082e-05
4.250000000000000000e+02 5.485256042447872460e-05
4.260000000000000000e+02 -1.451771095162257552e-05
4.270000000000000000e+02 -8.067977614700794220e-05
4.280000000000000000e+02 -6.468653737101703882e-05
4.290000000000000000e+02 -3.176260725012980402e-05
4.300000000000000000e+02 3.113684942945837975e-05
4.310000000000000000e+02 1.961635098268743604e-05
4.320000000000000000e+02 5.906636943109333515e-05
4.330000000000000000e+02 1.146578433690592647e-04
4.340000000000000000e+02 1.514936011517420411e-04
4.350000000000000000e+02 3.309386374894529581e-05
4.360000000000000000e+02 4.712787631433457136e-05
4.370000000000000000e+02 5.195590802031802014e-06
4.380000000000000000e+02 8.166224870365113020e-05
4.390000000000000000e+02 1.605844590812921524e-04
4.400000000000000000e+02 1.667408796492964029e-04
4.410000000000000000e+02 1.192464405903592706e-04
4.420000000000000000e+02 1.349860831396654248e-04
4.430000000000000000e+02 5.336592585081234574e-05
4.440000000000000000e+02 8.740658086026087403e-05
4.450000000000000000e+02 1.180606413981877267e-04
4.460000000000000000e+02 1.394659338984638453e-04
4.470000000000000000e+02 1.006712191156111658e-04
4.480000000000000000e+02 1.677574473433196545e-04
4.490000000000000000e+02 1.523924001958221197e-04
4.500000000000000000e+02 6.063687760615721345e-05
4.510000000000000000e+02 1.076002590707503259e-04
4.520000000000000000e+02 7.857059972593560815e-05
4.530000000000000000e+02 -6.133726128609851003e-05
4.540000000000000000e+02 -5.646027420880272985e-05
4.550000000000000000e+02 4.150399763602763414e-05
4.560000000000000000e+02 1.406261289957910776e-04
4.570000000000000000e+02 1.557281357236206532e-04
4.580000000000000000e+02 1.272046210942789912e-04
4.590000000000000000e+02 1.263654703507199883e-04
4.600000000000000000e+02 4.331703894422389567e-05
4.610000000000000000e+02 6.755638423783238977e-06
4.620000000000000000e+02 -1.317425085289869457e-05
4.630000000000000000e+02 -4.786859062733128667e-05
4.640000000000000000e+02 -3.851473229588009417e-05
4.650000000000000000e+02 -3.945159551221877337e-05
4.660000000000000000e+02 4.858016473008319736e-05
4.670000000000000000e+02 1.453813747502863407e-04
4.680000000000000000e+02 6.303498958004638553e-05
4.690000000000000000e+02 6.114435382187366486e-05
4.700000000000000000e+02 1.394758000969886780e-04
4.710000000000000000e+02 1.550191664136946201e-04
4.720000000000000000e+02 1.559941738378256559e-04
4.730000000000000000e+02 1.058086490957066417e-04
4.740000000000000000e+02 -1.579065246914979070e-05
4.750000000000000000e+02 3.194448436261154711e-05
4.760000000000000000e+02 -3.187365291523747146e-05
4.770000000000000000e+02 -4.632366835721768439e-05
4.780000000000000000e+02 -1.785803942766506225e-05
4.790000000000000000e+02 1.072548184311017394e-04
4.800000000000000000e+02 3.434206882957369089e-05
4.810000000000000000e+02 8.768687985138967633e-05
4.820000000000000000e+02 1.071659498848021030e-04
4.830000000000000000e+02 1.379454479319974780e-04
4.840000000000000000e+02 1.320253213634714484e-04
4.850000000000000000e+02 1.429648254998028278e-04
4.860000000000000000e+02 1.342698669759556651e-04
4.870000000000000000e+02 1.129062948166392744e-04
4.880000000000000000e+02 4.959425859851762652e-05
4.890000000000000000e+02 4.292594530852511525e-05
4.900000000000000000e+02 1.432627468602731824e-04
4.910000000000000000e+02 -1.562060106152785011e-06
4.920000000000000000e+02 -2.118996007993700914e-06
4.930000000000000000e+02 -4.702515434473752975e-05
4.940000000000000000e+02 -3.852208465104922652e-05
4.950000000000000000e+02 -5.231943214312195778e-05
4.960000000000000000e+02 4.589775926433503628e-05
4.970000000000000000e+02 2.679834506125189364e-05
4.980000000000000000e+02 6.870389188406988978e-05
4.990000000000000000e+02 8.284640352940186858e-05
5.000000000000000000e+02 4.907341008220100775e-06
5.010000000000000000e+02 2.261532245029229671e-05
5.020000000000000000e+02 -8.920518303057178855e-05
5.030000000000000000e+02 -8.197225542971864343e-05
5.040000000000000000e+02 7.453231955878436565e-05
5.050000000000000000e+02 3.229570211260579526e-05
5.060000000000000000e+02 -1.754094409989193082e-05
5.070000000000000000e+02 -6.380215927492827177e-05
5.080000000000000000e+02 -1.888922452053520828e-05
5.090000000000000000e+02 -1.318866270594298840e-05
5.100000000000000000e+02 -1.026805257424712181e-04
5.110000000000000000e+02 -3.119797474937513471e-05
5.120000000000000000e+02 -5.636752030113711953e-05
5.130000000000000000e+02 -2.942029459518380463e-05
5.140000000000000000e+02 -7.051604188745841384e-05
5.150000000000000000e+02 -1.385483919875696301e-04
5.160000000000000000e+02 -1.539517834316939116e-04
5.170000000000000000e+02 -1.474399177823215723e-04
5.180000000000000000e+02 -1.072468148777261376e-04
5.190000000000000000e+02 -1.665003655944019556e-04
5.200000000000000000e+02 -1.315078407060354948e-04
5.210000000000000000e+02 -3.143532376270741224e-04
5.220000000000000000e+02 -2.372841554461047053e-04
5.230000000000000000e+02 -2.242558402940630913e-04
5.240000000000000000e+02 -2.422787219984456897e-04
5.250000000000000000e+02 -2.340348873985931277e-04
5.260000000000000000e+02 -2.038720704149454832e-04
5.270000000000000000e+02 -3.220670623704791069e-05
5.280000000000000000e+02 -1.622546551516279578e-05
5.290000000000000000e+02 1.084566702047595754e-05
5.300000000000000000e+02 -9.692083040135912597e-06
5.310000000000000000e+02 6.883951573399826884e-05
5.320000000000000000e+02 -3.919492155546322465e-05
5.330000000000000000e+02 -3.143027788610197604e-05
5.340000000000000000e+02 -3.865730104735121131e-05
5.350000000000000000e+02 -7.293172529898583889e-06
5.360000000000000000e+02 -8.154108400049153715e-06
5.370000000000000000e+02 3.330265826662071049e-05
5.380000000000000000e+02 -9.683066309662535787e-05
5.390000000000000000e+02 -3.907063000951893628e-05
5.400000000000000000e+02 -3.808732174093165668e-07
5.410000000000000000e+02 4.270282079232856631e-05
5.420000000000000000e+02 4.058799822814762592e-05
5.430000000000000000e+02 3.136856685159727931e-05
5.440000000000000000e+02 6.175380258355289698e-05
5.450000000000000000e+02 5.970285928924567997e-05
5.460000000000000000e+02 7.113144874892896041e-06
5.470000000000000000e+02 1.013895525829866529e-04
5.480000000000000000e+02 1.312138192588463426e-04
5.490000000000000000e+02 1.008887920761480927e-04
5.500000000000000000e+02 7.004581857472658157e-05
5.510000000000000000e+02 1.772251562215387821e-04
5.520000000000000000e+02 1.206357483169995248e-04
5.530000000000000000e+02 1.034102315315976739e-04
5.540000000000000000e+02 -2.922187013609800488e-05
5.550000000000000000e+02 -1.226665481226518750e-04
5.560000000000000000e+02 -1.356252178084105253e-04
5.570000000000000000e+02 -9.628825500840321183e-05
5.580000000000000000e+02 -8.368095586774870753e-05
5.590000000000000000e+02 -4.140639066463336349e-05
5.600000000000000000e+02 7.670807099202647805e-05
5.610000000000000000e+02 1.745383779052644968e-04
5.620000000000000000e+02 2.659526653587818146e-04
5.630000000000000000e+02 1.864386140368878841e-04
5.640000000000000000e+02 1.399994362145662308e-04
5.650000000000000000e+02 1.635199587326496840e-04
5.660000000000000000e+02 1.692424120847135782e-04
5.670000000000000000e+02 8.284482464659959078e-05
5.680000000000000000e+02 9.270523150917142630e-05
5.690000000000000000e+02 1.712469093035906553e-04
5.700000000000000000e+02 1.981342938961461186e-04
5.710000000000000000e+02 2.057910169241949916e-04
5.720000000000000000e+02 1.226403983309864998e-04
5.730000000000000000e+02 5.496530138771049678e-05
5.740000000000000000e+02 3.746450238395482302e-05
5.750000000000000000e+02 4.558349246508441865e-05
5.760000000000000000e+02 -7.596107025165110826e-05
5.770000000000000000e+02 -7.368614024017006159e-05
5.780000000000000000e+02 -4.342036481830291450e-05
5.790000000000000000e+02 8.059958054218441248e-05
5.800000000000000000e+02 1.146691502071917057e-04
5.810000000000000000e+02 1.044850796461105347e-05
5.820000000000000000e+02 1.518455246696248651e-04
5.830000000000000000e+02 1.324578333878889680e-04
5.840000000000000000e+02 1.421341876266524196e-04
5.850000000000000000e+02 6.815897359047085047e-05
5.860000000000000000e+02 1.003334909910336137e-04
5.870000000000000000e+02 1.046809338731691241e-04
5.880000000000000000e+02 2.481526826159097254e-05
5.890000000000000000e+02 1.217472708958666772e-05
5.900000000000000000e+02 5.204432454775087535e-05
5.910000000000000000e+02 -4.166480721323750913e-05
5.920000000000000000e+02 -5.586936458712443709e-05
5.930000000000000000e+02 -4.921105573885142803e-05
5.940000000000000000e+02 -7.071816071402281523e-05
5.950000000000000000e+02 -2.276459417771548033e-05
5.960000000000000000e+02 -1.065855831257067621e-04
5.970000000000000000e+02 -1.169295137515291572e-04
5.980000000000000000e+02 -1.148531446233391762e-04
5.990000000000000000e+02 3.172935976181179285e-05
6.000000000000000000e+02 9.538319136481732130e-05
6.010000000000000000e+02 4.607519258570391685e-06
6.020000000000000000e+02 4.656349847209639847e-05
6.030000000000000000e+02 8.546905883122235537e-05
6.040000000000000000e+02 -5.506434899871237576e-05
6.050000000000000000e+02 -1.878691982710734010e-04
6.060000000000000000e+02 -2.584759495221078396e-04
6.070000000000000000e+02 -2.687451778911054134e-04
6.080000000000000000e+02 -3.155553713440895081e-04
6.090000000000000000e+02 -1.983718975679948926e-04
6.100000000000000000e+02 -1.916050678119063377e-04
6.110000000000000000e+02 -8.497115777572616935e-05
6.120000000000000000e+02 -1.408316165907308459e-04
6.130000000000000000e+02 -3.480034501990303397e-05
6.140000000000000000e+02 -1.126019014918711036e-05
6.150000000000000000e+02 6.684286927338689566e-05
6.160000000000000000e+02 1.628349127713590860e-04
6.170000000000000000e+02 3.689127697725780308e-05
6.180000000000000000e+02 9.188274270854890347e-05
6.190000000000000000e+02 1.249066990567371249e-04
6.200000000000000000e+02 1.744135443004779518e-05
6.210000000000000000e+02 3.218027632101438940e-05
6.220000000000000000e+02 8.577311382396146655e-05
6.230000000000000000e+02 1.100906774809118360e-05
6.240000000000000000e+02 -2.113476512022316456e-05
6.250000000000000000e+02 -5.191126183490268886e-05
6.260000000000000000e+02 -4.681582868215627968e-05
6.270000000000000000e+02 -8.271086699096485972e-05
6.280000000000000000e+02 -9.381073323311284184e-05
6.290000000000000000e+02 -9.324542770627886057e-05
6.300000000000000000e+02 -6.599060725420713425e-05
6.310000000000000000e+02 -5.131973739480599761e-05
6.320000000000000000e+02 -8.050822361838072538e-05
6.330000000000000000e+02 -9.156065789284184575e-05
6.340000000000000000e+02 -4.918693957733921707e-05
6.350000000000000000e+02 -1.768299407558515668e-04
6.360000000000000000e+02 -2.169643703382462263e-04
6.370000000000000000e+02 -2.638000587467104197e-04
6.380000000000000000e+02 -2.885154099203646183e-04
6.390000000000000000e+02 -1.483875093981623650e-04
6.400000000000000000e+02 -1.129473093897104263e-04
6.410000000000000000e+02 -7.997626380529254675e-05
6.420000000000000000e+02 4.857107342104427516e-05
6.430000000000000000e+02 1.692154000920709223e-05
6.440000000000000000e+02 -1.378753040626179427e-05
6.450000000000000000e+02 6.817078974563628435e-05
6.460000000000000000e+02 7.392703264486044645e-05
6.470000000000000000e+02 9.566624794388189912e-05
6.480000000000000000e+02 6.900489097461104393e-05
6.490000000000000000e+02 5.854405026184394956e-05
6.500000000000000000e+02 2.115111055900342762e-05
6.510000000000000000e+02 2.430571839795447886e-05
6.520000000000000000e+02 4.688726917834173946e-08
6.530000000000000000e+02 -3.202090374543331563e-05
6.540000000000000000e+02 -5.506345769390463829e-05
6.550000000000000000e+02 8.225376404880080372e-06
6.560000000000000000e+02 -2.899257742683403194e-05
6.570000000000000000e+02 4.811742110177874565e-05
6.580000000000000000e+02 3.036099042219575495e-05
6.590000000000000000e+02 -1.143514236900955439e-05
6.600000000000000000e+02 -1.269389467779546976e-04
6.610000000000000000e+02 -1.608643651707097888e-04
6.620000000000000000e+02 -9.506726200925186276e-05
6.630000000000000000e+02 -1.461434439988806844e-04
6.640000000000000000e+02 -1.141954344348050654e-04
6.650000000000000000e+02 -1.103610629797913134e-04
6.660000000000000000e+02 -4.387235821923241019e-05
6.670000000000000000e+02 -3.411374564166180789e-05
6.680000000000000000e+02 5.499586040969006717e-05
6.690000000000000000e+02 6.268073775572702289e-06
6.700000000000000000e+02 8.892438199836760759e-05
6.710000000000000000e+02 2.077623139484785497e-05
6.720000000000000000e+02 -1.245117746293544769e-04
6.730000000000000000e+02 -1.253906812053173780e-04
6.740000000000000000e+02 -3.401457797735929489e-05
6.750000000000000000e+02 -2.835446866811253130e-05
6.760000000000000000e+02 -8.652634278405457735e-05
6.770000000000000000e+02 -7.242037827381864190e-05
6.780000000000000000e+02 -4.864831134909763932e-05
6.790000000000000000e+02 -1.641648996155709028e-04
6.800000000000000000e+02 -1.504558749729767442e-04
6.810000000000000000e+02 -5.332462751539424062e-05
6.820000000000000000e+02 -1.495779870310798287e-04
6.830000000000000000e+02 -2.472913183737546206e-04
6.840000000000000000e+02 -2.234296407550573349e-04
6.850000000000000000e+02 -1.558126386953517795e-04
6.860000000000000000e+02 -1.478962658438831568e-04
6.870000000000000000e+02 -1.349014492006972432e-04
6.880000000000000000e+02 -3.183456283295527101e-05
6.890000000000000000e+02 -1.299516297876834869e-04
6.900000000000000000e+02 -1.622346899239346385e-04
6.910000000000000000e+02 -1.566666614962741733e-04
6.920000000000000000e+02 -1.364223135169595480e-04
6.930000000000000000e+02 -1.350236416328698397e-04
6.940000000000000000e+02 -2.529810808482579887e-05
6.950000000000000000e+02 -1.014921144815161824e-04
6.960000000000000000e+02 -1.634173677302896976e-04
6.970000000000000000e+02 -1.306991180172190070e-04
6.980000000000000000e+02 -3.296868089819326997e-05
6.990000000000000000e+02 -2.674789584489190020e-06
7.000000000000000000e+02 -3.852103327517397702e-05
7.010000000000000000e+02 -1.038422560668550432e-04
7.020000000000000000e+02 -6.885712355142459273e-05
7.030000000000000000e+02 -1.131415338022634387e-04
7.040000000000000000e+02 -7.213743083411827683e-05
7.050000000000000000e+02 -1.033481457852758467e-04
7.060000000000000000e+02 -1.581265532877296209e-04
7.070000000000000000e+02 -1.307867787545546889e-04
7.080000000000000000e+02 -1.278721028938889503e-04
7.090000000000000000e+02 -1.581497490406036377e-04
7.100000000000000000e+02 -1.494573225500062108e-04
7.110000000000000000e+02 -2.486333833076059818e-04
7.120000000000000000e+02 -2.482556155882775784e-04
7.130000000000000000e+02 -1.791870745364576578e-04
7.140000000000000000e+02 -9.076851711142808199e-05
7.150000000000000000e+02 -3.624266901169903576e-05
7.160000000000000000e+02 -2.225659773102961481e-05
7.170000000000000000e+02 -1.117900101235136390e-04
7.180000000000000000e+02 -5.964357842458412051e-05
7.190000000000000000e+02 1.161769887403352186e-05
7.200000000000000000e+02 -2.012471185253161821e-07
7.210000000000000000e+02 -1.652100763749331236e-05
7.220000000000000000e+02 -8.372051524929702282e-05
7.230000000000000000e+02 -5.441134999273344874e-05
7.240000000000000000e+02 -8.386417903238907456e-05
7.250000000000000000e+02 -2.516081804060377181e-05
7.260000000000000000e+02 -1.087370328605175018e-04
7.270000000000000000e+02 -8.432043978245928884e-05
7.280000000000000000e+02 -1.698764826869592071e-04
7.290000000000000000e+02 -6.880385626573115587e-05
7.300000000000000000e+02 6.380442937370389700e-05
7.310000000000000000e+02 4.811729741049930453e-05
7.320000000000000000e+02 2.633593067002948374e-05
7.330000000000000000e+02 -3.678818075059098192e-06
7.340000000000000000e+02 -8.194908150471746922e-05
7.350000000000000000e+02 -2.066074666799977422e-04
7.360000000000000000e+02 -2.134012465830892324e-04
7.370000000000000000e+02 -1.161025284091010690e-04
7.380000000000000000e+02 -5.192077878746204078e-05
7.390000000000000000e+02 -5.603798854281194508e-05
7.400000000000000000e+02 1.996643732127267867e-05
7.410000000000000000e+02 6.350262265186756849e-05
7.420000000000000000e+02 2.190121740568429232e-04
7.430000000000000000e+02 2.235924330307170749e-04
7.440000000000000000e+02 2.047292655333876610e-04
7.450000000000000000e+02 2.571599325165152550e-04
7.460000000000000000e+02 1.203636638820171356e-04
7.470000000000000000e+02 1.860972224676515907e-05
7.480000000000000000e+02 -1.675724051892757416e-04
7.490000000000000000e+02 -2.629226073622703552e-04
7.500000000000000000e+02 -2.833772450685501099e-04
7.510000000000000000e+02 -2.602845779620110989e-04
7.520000000000000000e+02 -2.575997496023774147e-04
7.530000000000000000e+02 -2.352939045522361994e-04
7.540000000000000000e+02 -2.644558553583920002e-04
7.550000000000000000e+02 -3.135828883387148380e-04
7.560000000000000000e+02 -3.227160777896642685e-04
7.570000000000000000e+02 -1.896070898510515690e-04
7.580000000000000000e+02 -1.706895127426832914e-04
7.590000000000000000e+02 -1.319947186857461929e-04
7.600000000000000000e+02 -7.585716957692056894e-05
7.610000000000000000e+02 -4.034646281070308760e-06
7.620000000000000000e+02 -3.837830081465654075e-05
7.630000000000000000e+02 -7.340378215303644538e-05
7.640000000000000000e+02 -5.993393642711453140e-05
7.650000000000000000e+02 -6.633108569076284766e-05
7.660000000000000000e+02 -9.157393651548773050e-05
7.670000000000000000e+02 -1.490066933911293745e-04
7.680000000000000000e+02 -4.534963227342814207e-05
7.690000000000000000e+02 -4.354146221885457635e-05
7.700000000000000000e+02 2.563281123002525419e-05
7.710000000000000000e+02 1.126062670664396137e-05
7.720000000000000000e+02 1.020100535242818296e-04
7.730000000000000000e+02 2.093225048156455159e-04
7.740000000000000000e+02 1.554567716084420681e-04
7.750000000000000000e+02 1.095746629289351404e-04
7.760000000000000000e+02 4.996085044695064425e-05
7.770000000000000000e+02 4.720388460555113852e-05
7.780000000000000000e+02 5.169137875782325864e-05
7.790000000000000000e+02 8.640095620648935437e-05
7.800000000000000000e+02 4.949098729412071407e-05
7.810000000000000000e+02 5.386914199334569275e-05
7.820000000000000000e+02 5.576327021117322147e-05
7.830000000000000000e+02 7.087674748618155718e-05
7.840000000000000000e+02 1.618568057892844081e-04
7.850000000000000000e+02 1.600461109774187207e-04
7.860000000000000000e+02 1.678309854469262064e-05
7.870000000000000000e+02 1.040161623677704483e-05
7.880000000000000000e+02 2.396906711510382593e-05
7.890000000000000000e+02 5.386448901845142245e-05
7.900000000000000000e+02 4.335348057793453336e-05
7.910000000000000000e+02 5.328503175405785441e-05
7.920000000000000000e+02 5.729582699132151902e-05
7.930000000000000000e+02 9.878907439997419715e-05
7.940000000000000000e+02 8.302233254653401673e-06
7.950000000000000000e+02 -8.589748290432908107e-07
7.960000000000000000e+02 -9.372274689667392522e-06
7.970000000000000000e+02 -1.301070460613118485e-05
7.980000000000000000e+02 -5.486493137141223997e-06
7.990000000000000000e+02 2.618837424961384386e-05
8.000000000000000000e+02 5.786049223388545215e-05
8.010000000000000000e+02 -4.797131168743362650e-06
8.020000000000000000e+02 -4.516468834481202066e-05
8.030000000000000000e+02 -7.215427467599511147e-05
8.040000000000000000e+02 1.109687946154735982e-05
8.050000000000000000e+02 9.996732842409983277e-05
8.060000000000000000e+02 1.403736532665789127e-04
8.070000000000000000e+02 8.400584920309484005e-05
8.080000000000000000e+02 1.043952506734058261e-04
8.090000000000000000e+02 4.134482878725975752e-05
8.100000000000000000e+02 -1.233237999258562922e-04
8.110000000000000000e+02 -3.184950328432023525e-04
8.120000000000000000e+02 -2.888445160351693630e-04
8.130000000000000000e+02 -2.135261602234095335e-04
8.140000000000000000e+02 -2.070927585009485483e-04
8.150000000000000000e+02 -2.617933787405490875e-04
8.160000000000000000e+02 -1.617636880837380886e-04
8.170000000000000000e+02 -1.404597132932394743e-04
8.180000000000000000e+02 -8.770511340117082000e-05
8.190000000000000000e+02 -2.596749618533067405e-05
8.200000000000000000e+02 6.075861165300011635e-06
8.210000000000000000e+02 -1.042966978275217116e-04
8.220000000000000000e+02 -9.688049613032490015e-05
8.230000000000000000e+02 -1.226386521011590958e-04
8.240000000000000000e+02 -3.020433723577298224e-05
8.250000000000000000e+02 -8.472134504700079560e-05
8.260000000000000000e+02 -2.446495091135147959e-05
8.270000000000000000e+02 -5.130467798153404146e-06
8.280000000000000000e+02 1.074336523743113503e-05
8.290000000000000000e+02 9.706026321509853005e-05
8.300000000000000000e+02 5.701270856661722064e-05
8.310000000000000000e+02 5.751034404966048896e-05
8.320000000000000000e+02 1.566391729284077883e-04
8.330000000000000000e+02 1.021021162159740925e-04
8.340000000000000000e+02 9.986323857447132468e-05
8.350000000000000000e+02 7.784464105498045683e-05
8.360000000000000000e+02 2.236306318081915379e-05
8.370000000000000000e+02 8.164443715941160917e-05
8.380000000000000000e+02 1.261131110368296504e-04
8.390000000000000000e+02 1.509788417024537921e-04
8.400000000000000000e+02 9.012402733787894249e-05
8.410000000000000000e+02 1.143021927418885753e-05
8.420000000000000000e+02 -7.029173139017075300e-05
8.430000000000000000e+02 -2.340825813007541001e-05
8.440000000000000000e+02 -1.235850845660024788e-06
8.450000000000000000e+02 -6.760857559129362926e-06
8.460000000000000000e+02 5.741071072407066822e-05
8.470000000000000000e+02 2.173516622860915959e-05
8.480000000000000000e+02 -3.405571987968869507e-05
8.490000000000000000e+02 -1.287508530367631465e-05
8.500000000000000000e+02 1.842305550781020429e-06
8.510000000000000000e+02 1.717296254355460405e-05
8.520000000000000000e+02 1.073892562999390066e-04
8.530000000000000000e+02 1.248636690434068441e-04
8.540000000000000000e+02 1.047505502356216311e-04
8.550000000000000000e+02 2.936301825684495270e-05
8.560000000000000000e+02 1.242821454070508480e-04
8.570000000000000000e+02 1.902274671010673046e-04
8.580000000000000000e+02 2.113780501531437039e-04
8.590000000000000000e+02 1.206575543619692326e-04
8.600000000000000000e+02 1.252478396054357290e-04
8.610000000000000000e+02 2.350010181544348598e-04
8.620000000000000000e+02 1.830911787692457438e-04
8.630000000000000000e+02 1.141917673521675169e-04
8.640000000000000000e+02 7.633679342688992620e-05
8.650000000000000000e+02 5.446585782920010388e-05
8.660000000000000000e+02 -1.826518928282894194e-05
8.670000000000000000e+02 -3.649039354058913887e-05
8.680000000000000000e+02 -8.268670353572815657e-05
8.690000000000000000e+02 -1.753660908434540033e-04
8.700000000000000000e+02 -1.547784631839022040e-04
8.710000000000000000e+02 -1.570494641782715917e-04
8.720000000000000000e+02 -1.188850510516203940e-04
8.730000000000000000e+02 -1.503631647210568190e-04
8.740000000000000000e+02 -1.102095557143911719e-04
8.750000000000000000e+02 -1.259002601727843285e-05
8.760000000000000000e+02 -1.110607554437592626e-04
8.770000000000000000e+02 -8.419032383244484663e-05
8.780000000000000000e+02 -1.286672777496278286e-04
8.790000000000000000e+02 -3.114385617664083838e-05
8.800000000000000000e+02 1.239625562448054552e-04
8.810000000000000000e+02 1.860227348515763879e-04
8.820000000000000000e+02 1.710162323433905840e-04
8.830000000000000000e+02 1.554565242258831859e-04
8.840000000000000000e+02 1.396544394083321095e-04
8.850000000000000000e+02 9.439892892260104418e-05
8.860000000000000000e+02 1.085062758647836745e-04
8.870000000000000000e+02 4.666956738219596446e-05
8.880000000000000000e+02 5.270211113383993506e-05
8.890000000000000000e+02 -4.181502845312934369e-06
8.900000000000000000e+02 5.916531154070980847e-05
8.910000000000000000e+02 9.786137525225058198e-05
8.920000000000000000e+02 3.192242002114653587e-05
8.930000000000000000e+02 5.396193591877818108e-05
8.940000000000000000e+02 3.904031837009824812e-05
8.950000000000000000e+02 5.664097989210858941e-05
8.960000000000000000e+02 -9.381651034345850348e-05
8.970000000000000000e+02 -1.334293920081108809e-04
8.980000000000000000e+02 -1.170205214293673635e-04
8.990000000000000000e+02 -8.686653745826333761e-05
9.000000000000000000e+02 -2.727979153860360384e-05
9.010000000000000000e+02 -7.283670129254460335e-05
9.020000000000000000e+02 -1.414147845935076475e-04
9.030000000000000000e+02 -1.168743619928136468e-04
9.040000000000000000e+02 -1.282716111745685339e-04
9.050000000000000000e+02 -6.398273399099707603e-05
9.060000000000000000e+02 1.581028845976106822e-05
9.070000000000000000e+02 -2.419610063952859491e-05
9.080000000000000000e+02 -9.929755469784140587e-05
9.090000000000000000e+02 2.040988874796312302e-05
9.100000000000000000e+02 9.158224565908312798e-05
9.110000000000000000e+02 1.237829565070569515e-04
9.120000000000000000e+02 2.333814481971785426e-04
9.130000000000000000e+02 5.925141158513724804e-05
9.140000000000000000e+02 1.094147046387661248e-05
9.150000000000000000e+02 5.270823749015107751e-06
9.160000000000000000e+02 3.177520557073876262e-05
9.170000000000000000e+02 9.011132351588457823e-05
9.180000000000000000e+02 7.673236541450023651e-05
9.190000000000000000e+02 1.425253576599061489e-04
9.200000000000000000e+02 1.389597164234146476e-04
9.210000000000000000e+02 4.300394357414916158e-05
9.220000000000000000e+02 1.207616151077672839e-04
9.230000000000000000e+02 1.484378881286829710e-04
9.240000000000000000e+02 1.389415992889553308e-04
9.250000000000000000e+02 1.250622590305283666e-04
9.260000000000000000e+02 2.291985219926573336e-05
9.270000000000000000e+02 3.077148676311480813e-06
9.280000000000000000e+02 5.252696428215131164e-05
9.290000000000000000e+02 -8.110846829367801547e-05
9.300000000000000000e+02 -1.689467353571671993e-05
9.310000000000000000e+02 -4.189822357147932053e-05
9.320000000000000000e+02 -1.155646259576315060e-06
9.330000000000000000e+02 5.976414468022994697e-05
9.340000000000000000e+02 3.760877007152885199e-05
9.350000000000000000e+02 -1.905803073896095157e-04
9.360000000000000000e+02 -1.585644495207816362e-04
9.370000000000000000e+02 -7.282765000127255917e-05
9.380000000000000000e+02 -4.661632556235417724e-05
9.390000000000000000e+02 -3.580113843781873584e-05
9.400000000000000000e+02 -4.584485941450111568e-05
9.410000000000000000e+02 -8.611579687567427754e-05
9.420000000000000000e+02 -2.037922386080026627e-04
9.430000000000000000e+02 -1.042205112753435969e-04
9.440000000000000000e+02 -8.557401451980695128e-05
9.450000000000000000e+02 -1.027304533636197448e-04
9.460000000000000000e+02 -1.246873580384999514e-05
9.470000000000000000e+02 -6.645622488576918840e-05
9.480000000000000000e+02 -2.235574938822537661e-04
9.490000000000000000e+02 -1.113618927774950862e-04
9.500000000000000000e+02 -1.078256973414681852e-04
9.510000000000000000e+02 -8.724768122192472219e-05
9.520000000000000000e+02 -1.276264811167493463e-04
9.530000000000000000e+02 -1.321406743954867125e-04
9.540000000000000000e+02 -1.913368178065866232e-04
9.550000000000000000e+02 -7.474351150449365377e-05
9.560000000000000000e+02 -1.380876929033547640e-04
9.570000000000000000e+02 -1.156319631263613701e-04
9.580000000000000000e+02 -1.145771093433722854e-04
9.590000000000000000e+02 5.339736890164203942e-05
9.600000000000000000e+02 2.605204645078629255e-05
9.610000000000000000e+02 3.961068432545289397e-05
9.620000000000000000e+02 6.882240268168970942e-05
9.630000000000000000e+02 1.012172215268947184e-04
9.640000000000000000e+02 1.864054502220824361e-04
9.650000000000000000e+02 2.502624120097607374e-04
9.660000000000000000e+02 2.295357408002018929e-04
9.670000000000000000e+02 2.017826773226261139e-04
9.680000000000000000e+02 1.306096964981406927e-04
9.690000000000000000e+02 1.488001871621236205e-04
9.700000000000000000e+02 1.774986885720863938e-04
9.710000000000000000e+02 1.505051041021943092e-04
9.720000000000000000e+02 8.506864105584099889e-05
9.730000000000000000e+02 1.082237140508368611e-04
9.740000000000000000e+02 1.126323622884228826e-04
9.750000000000000000e+02 2.490327460691332817e-04
9.760000000000000000e+02 1.707639894448220730e-04
9.770000000000000000e+02 1.777432480594143271e-04
9.780000000000000000e+02 1.456954923924058676e-04
9.790000000000000000e+02 1.547511201351881027e-04
9.800000000000000000e+02 1.876276219263672829e-04
9.810000000000000000e+02 1.287242339458316565e-04
9.820000000000000000e+02 6.982551713008433580e-05
9.830000000000000000e+02 -5.606082413578405976e-05
9.840000000000000000e+02 2.362497070862445980e-05
9.850000000000000000e+02 1.320321898674592376e-04
9.860000000000000000e+02 3.585693048080429435e-05
9.870000000000000000e+02 3.377846951480023563e-05
9.880000000000000000e+02 6.456709525082260370e-05
9.890000000000000000e+02 1.839736942201852798e-04
9.900000000000000000e+02 3.746962102013640106e-05
9.910000000000000000e+02 -1.032902509905397892e-04
9.920000000000000000e+02 -1.851393972174264491e-05
9.930000000000000000e+02 -5.284515646053478122e-05
9.940000000000000000e+02 -2.185994162573479116e-05
9.950000000000000000e+02 -1.489249257247138303e-06
9.960000000000000000e+02 -3.605262463679537177e-05
9.970000000000000000e+02 3.112092963419854641e-05
9.980000000000000000e+02 3.489642767817713320e-05
9.990000000000000000e+02 7.150544115575030446e-05
1.000000000000000000e+03 1.239466801052913070e-04
