0.000000000000000000e+00 6.622546166181564331e-02
1.000000000000000000e+00 3.320651501417160034e-02
2.000000000000000000e+00 2.281731180846691132e-02
3.000000000000000000e+00 1.615547575056552887e-02
4.000000000000000000e+00 1.165402866899967194e-02
5.000000000000000000e+00 8.452379144728183746e-03
6.000000000000000000e+00 6.140707060694694519e-03
7.000000000000000000e+00 4.495920147746801376e-03
8.000000000000000000e+00 3.253012895584106445e-03
9.000000000000000000e+00 2.387540647760033607e-03
1.000000000000000000e+01 1.779066282324492931e-03
1.100000000000000000e+01 1.328451442532241344e-03
1.200000000000000000e+01 9.765642462298274040e-04
1.300000000000000000e+01 6.170631968416273594e-04
1.400000000000000000e+01 4.056526522617787123e-04
1.500000000000000000e+01 2.978185366373509169e-04
1.600000000000000000e+01 2.482281997799873352e-04
1.700000000000000000e+01 1.411055127391591668e-04
1.800000000000000000e+01 1.864371879491955042e-04
1.900000000000000000e+01 1.551784662296995521e-04
2.000000000000000000e+01 1.017866161419078708e-04
2.100000000000000000e+01 1.053600135492160916e-04
2.200000000000000000e+01 9.168513497570529580e-05
2.300000000000000000e+01 4.969578367308713496e-05
2.400000000000000000e+01 -2.385290099482517689e-05
2.500000000000000000e+01 4.266728865331970155e-06
2.600000000000000000e+01 4.563135371427051723e-05
2.700000000000000000e+01 3.320620180602418259e-06
2.800000000000000000e+01 -5.523807340068742633e-05
2.900000000000000000e+01 -7.082965021254494786e-05
3.000000000000000000e+01 -9.017247066367417574e-05
3.100000000000000000e+01 1.461620195186696947e-05
3.200000000000000000e+01 2.726454658841248602e-05
3.300000000000000000e+01 2.399472941760905087e-05
3.400000000000000000e+01 8.453538612229749560e-05
3.500000000000000000e+01 2.810570185829419643e-05
3.600000000000000000e+01 2.746083919191733003e-05
3.700000000000000000e+01 -2.687976120796520263e-05
3.800000000000000000e+01 -2.797867455228697509e-05
3.900000000000000000e+01 -1.026796744554303586e-04
4.000000000000000000e+01 -1.139821906690485775e-04
4.100000000000000000e+01 -1.299828290939331055e-04
4.200000000000000000e+01 -2.242768823634833097e-04
4.300000000000000000e+01 -1.731922529870644212e-04
4.400000000000000000e+01 -1.248959888471290469e-04
4.500000000000000000e+01 -5.934580258326604962e-05
4.600000000000000000e+01 -8.629251533420756459e-05
4.700000000000000000e+01 2.163298177038086578e-06
4.800000000000000000e+01 -6.741588003933429718e-05
4.900000000000000000e+01 -6.842391303507611156e-05
5.000000000000000000e+01 -2.107532964146230370e-05
5.100000000000000000e+01 2.755403511400800198e-05
5.200000000000000000e+01 -4.297313716961070895e-05
5.300000000000000000e+01 -5.301416604197584093e-05
5.400000000000000000e+01 -1.679979868640657514e-05
5.500000000000000000e+01 -7.515259494539350271e-05
5.600000000000000000e+01 8.839122529025189579e-06
5.700000000000000000e+01 1.429816711606690660e-05
5.800000000000000000e+01 2.067456807708367705e-05
5.900000000000000000e+01 -1.222862738359253854e-05
6.000000000000000000e+01 4.582797191687859595e-05
6.100000000000000000e+01 -5.822709681524429470e-06
6.200000000000000000e+01 -1.186132976727094501e-05
6.300000000000000000e+01 4.413409988046623766e-05
6.400000000000000000e+01 1.785159656719770283e-05
6.500000000000000000e+01 -4.949628419126383960e-06
6.600000000000000000e+01 6.891221710247918963e-05
6.700000000000000000e+01 -3.653434532679966651e-06
6.800000000000000000e+01 -1.090283694793470204e-04
6.900000000000000000e+01 -1.902924996102228761e-04
7.000000000000000000e+01 -1.576214417582377791e-04
7.100000000000000000e+01 -2.565899339970201254e-04
7.200000000000000000e+01 -2.682525664567947388e-04
7.300000000000000000e+01 -2.664909698069095612e-04
7.400000000000000000e+01 -1.328148355241864920e-04
7.500000000000000000e+01 -1.834795853028481361e-06
7.600000000000000000e+01 3.987540185335092247e-05
7.700000000000000000e+01 1.381991387461312115e-05
7.800000000000000000e+01 5.097949542687274516e-05
7.900000000000000000e+01 -1.553613401483744383e-05
8.000000000000000000e+01 4.371760587673634291e-05
8.100000000000000000e+01 8.481931581627577543e-05
8.200000000000000000e+01 9.150280675385147333e-05
8.300000000000000000e+01 1.428053224117320497e-06
8.400000000000000000e+01 3.609433770179748535e-05
8.500000000000000000e+01 -1.810684261727146804e-05
8.600000000000000000e+01 6.472951645264402032e-05
8.700000000000000000e+01 -2.127221705450210720e-06
8.800000000000000000e+01 -4.494402310228906572e-05
8.900000000000000000e+01 -9.394578228238970041e-05
9.000000000000000000e+01 -1.185961373266763985e-04
9.100000000000000000e+01 -1.675855164648965001e-04
9.200000000000000000e+01 -3.641697185230441391e-05
9.300000000000000000e+01 -8.418873767368495464e-05
9.400000000000000000e+01 -8.995889947982504964e-05
9.500000000000000000e+01 -2.454280001984443516e-05
9.600000000000000000e+01 3.131313860649242997e-05
9.700000000000000000e+01 7.997969805728644133e-05
9.800000000000000000e+01 1.524437539046630263e-04
9.900000000000000000e+01 2.189843944506719708e-04
1.000000000000000000e+02 2.773400628939270973e-04
1.010000000000000000e+02 1.750666706357151270e-04
1.020000000000000000e+02 1.090565638151019812e-04
1.030000000000000000e+02 1.031140709528699517e-04
1.040000000000000000e+02 1.096931373467668891e-04
1.050000000000000000e+02 6.934668363101081923e-06
1.060000000000000000e+02 -8.161255209415685385e-06
1.070000000000000000e+02 2.721919918258208781e-05
1.080000000000000000e+02 -8.495010661135893315e-06
1.090000000000000000e+02 -6.048106297384947538e-05
1.100000000000000000e+02 -5.111737118568271399e-05
1.110000000000000000e+02 7.059128984110429883e-05
1.120000000000000000e+02 9.643325756769627333e-05
1.130000000000000000e+02 3.365523662068881094e-05
1.140000000000000000e+02 3.179960549459792674e-05
1.150000000000000000e+02 -5.466803122544661164e-05
1.160000000000000000e+02 -6.701311940560117364e-05
1.170000000000000000e+02 -7.332064706133678555e-05
1.180000000000000000e+02 -6.673902680631726980e-05
1.190000000000000000e+02 -2.378819954174105078e-05
1.200000000000000000e+02 -7.709813507972285151e-05
1.210000000000000000e+02 -3.078815279877744615e-05
1.220000000000000000e+02 -1.167778555100085214e-05
1.230000000000000000e+02 5.842635437147691846e-05
1.240000000000000000e+02 4.661443381337448955e-05
1.250000000000000000e+02 -1.274120677408063784e-05
1.260000000000000000e+02 1.777783609213656746e-06
1.270000000000000000e+02 5.993955255689797923e-06
1.280000000000000000e+02 -4.499685928749386221e-06
1.290000000000000000e+02 5.921540650888346136e-05
1.300000000000000000e+02 -2.461653275531716645e-05
1.310000000000000000e+02 -2.733271003307891078e-06
1.320000000000000000e+02 2.993067482748301700e-06
1.330000000000000000e+02 -2.895443321904167533e-05
1.340000000000000000e+02 7.632027700310572982e-05
1.350000000000000000e+02 5.713852806366048753e-05
1.360000000000000000e+02 3.378513792995363474e-05
1.370000000000000000e+02 1.158984887297265232e-04
1.380000000000000000e+02 1.864865625975653529e-04
1.390000000000000000e+02 8.883823466021567583e-05
1.400000000000000000e+02 1.108898068196140230e-04
1.410000000000000000e+02 1.347011857433244586e-04
1.420000000000000000e+02 7.156308129196986556e-05
1.430000000000000000e+02 3.825675230473279953e-05
1.440000000000000000e+02 1.267213956452906132e-04
1.450000000000000000e+02 9.559853788232430816e-05
1.460000000000000000e+02 9.004680032376199961e-05
1.470000000000000000e+02 4.451669883565045893e-05
1.480000000000000000e+02 8.868142322171479464e-05
1.490000000000000000e+02 9.311650501331314445e-05
1.500000000000000000e+02 6.178186595207080245e-05
1.510000000000000000e+02 9.694272011984139681e-05
1.520000000000000000e+02 6.750188913429155946e-05
1.530000000000000000e+02 1.061584480339661241e-04
1.540000000000000000e+02 1.171038093161769211e-04
1.550000000000000000e+02 4.370800525066442788e-05
1.560000000000000000e+02 -3.777351957978680730e-05
1.570000000000000000e+02 -2.186345409427303821e-05
1.580000000000000000e+02 -4.081555744051001966e-05
1.590000000000000000e+02 -5.960390262771397829e-05
1.600000000000000000e+02 -4.030300624435767531e-05
1.610000000000000000e+02 -3.000579818035475910e-05
1.620000000000000000e+02 7.084135722834616899e-05
1.630000000000000000e+02 1.365488060400821269e-05
1.640000000000000000e+02 2.081873026327230036e-05
1.650000000000000000e+02 2.481115916452836245e-05
1.660000000000000000e+02 5.393476749304682016e-05
1.670000000000000000e+02 1.712741868686862290e-05
1.680000000000000000e+02 2.922798375948332250e-05
1.690000000000000000e+02 -4.750546941068023443e-05
1.700000000000000000e+02 -9.983654308598488569e-05
1.710000000000000000e+02 -9.157359454547986388e-05
1.720000000000000000e+02 -8.384238026337698102e-05
1.730000000000000000e+02 6.336649221339030191e-06
1.740000000000000000e+02 -5.158378189662471414e-05
1.750000000000000000e+02 2.850441160262562335e-05
1.760000000000000000e+02 -5.282858182908967137e-05
1.770000000000000000e+02 -8.216111018555238843e-05
1.780000000000000000e+02 -4.320679363445378840e-05
1.790000000000000000e+02 -7.245734013849869370e-05
1.800000000000000000e+02 -1.096335254260338843e-04
1.810000000000000000e+02 -1.587863662280142307e-04
1.820000000000000000e+02 -1.188747919513843954e-04
1.830000000000000000e+02 -1.285061880480498075e-04
1.840000000000000000e+02 -6.866550393169745803e-05
1.850000000000000000e+02 -1.092350285034626722e-04
1.860000000000000000e+02 -1.150317621068097651e-04
1.870000000000000000e+02 -5.336072354111820459e-05
1.880000000000000000e+02 5.733177022193558514e-05
1.890000000000000000e+02 4.814762360183522105e-05
1.900000000000000000e+02 2.278887404827401042e-05
1.910000000000000000e+02 9.616785973776131868e-05
1.920000000000000000e+02 1.822013473429251462e-05
1.930000000000000000e+02 1.700337306829169393e-04
1.940000000000000000e+02 2.743268560152500868e-04
1.950000000000000000e+02 2.682578342501074076e-04
1.960000000000000000e+02 2.322385116713121533e-04
1.970000000000000000e+02 1.666024327278137207e-04
1.980000000000000000e+02 1.044593009282834828e-04
1.990000000000000000e+02 1.320743613177910447e-04
2.000000000000000000e+02 6.260302325244992971e-05
2.010000000000000000e+02 3.173243385390378535e-05
2.020000000000000000e+02 -7.781501153658609837e-06
2.030000000000000000e+02 -7.530074071837589145e-05
2.040000000000000000e+02 -7.069463026709854603e-05
2.050000000000000000e+02 7.772309800202492625e-06
2.060000000000000000e+02 1.930204780364874750e-05
2.070000000000000000e+02 3.999761611339636147e-05
2.080000000000000000e+02 -2.170110929000657052e-05
2.090000000000000000e+02 1.259265900444006547e-05
2.100000000000000000e+02 -1.254675735253840685e-04
2.110000000000000000e+02 -5.042221164330840111e-05
2.120000000000000000e+02 2.691384543140884489e-05
2.130000000000000000e+02 9.637652692617848516e-05
2.140000000000000000e+02 1.731811971694696695e-05
2.150000000000000000e+02 7.045299571473151445e-05
2.160000000000000000e+02 5.106339085614308715e-05
2.170000000000000000e+02 1.447379909222945571e-04
2.180000000000000000e+02 1.188498790725134313e-04
2.190000000000000000e+02 1.179507598862983286e-04
2.200000000000000000e+02 1.699838612694293261e-04
2.210000000000000000e+02 1.275830727536231279e-04
2.220000000000000000e+02 9.921751916408538818e-05
2.230000000000000000e+02 9.428599878447130322e-05
2.240000000000000000e+02 7.565800478914752603e-05
2.250000000000000000e+02 8.086043817456811666e-05
2.260000000000000000e+02 9.332103945780545473e-05
2.270000000000000000e+02 1.712726952973753214e-04
2.280000000000000000e+02 2.725390659179538488e-04
2.290000000000000000e+02 3.163797082379460335e-04
2.300000000000000000e+02 2.136128750862553716e-04
2.310000000000000000e+02 1.687711483100429177e-04
2.320000000000000000e+02 5.945383963990025222e-05
2.330000000000000000e+02 1.443180372007191181e-04
2.340000000000000000e+02 1.488478737883269787e-04
2.350000000000000000e+02 8.876754691300448030e-06
2.360000000000000000e+02 -1.129125885199755430e-04
2.370000000000000000e+02 1.872681787062902004e-05
2.380000000000000000e+02 -6.679962098132818937e-05
2.390000000000000000e+02 -1.187238667625933886e-04
2.400000000000000000e+02 -1.205007501994259655e-04
2.410000000000000000e+02 -5.392725870478898287e-05
2.420000000000000000e+02 -1.497480407124385238e-04
2.430000000000000000e+02 -1.559518714202567935e-04
2.440000000000000000e+02 -1.010642372420988977e-04
2.450000000000000000e+02 -5.082266216049902141e-05
2.460000000000000000e+02 -1.583396624482702464e-05
2.470000000000000000e+02 -7.258811820065602660e-05
2.480000000000000000e+02 -1.968847645912319422e-04
2.490000000000000000e+02 -1.591359759913757443e-04
2.500000000000000000e+02 -1.727588678477331996e-04
2.510000000000000000e+02 -1.669958437560126185e-04
2.520000000000000000e+02 -1.116812491090968251e-04
2.530000000000000000e+02 -1.419759355485439301e-04
2.540000000000000000e+02 -2.080909180222079158e-04
2.550000000000000000e+02 -1.092140228138305247e-04
2.560000000000000000e+02 -6.898213177919387817e-05
2.570000000000000000e+02 2.443669291096739471e-05
2.580000000000000000e+02 -4.576315404847264290e-05
2.590000000000000000e+02 -1.002185963443480432e-04
2.600000000000000000e+02 -4.658358011511154473e-05
2.610000000000000000e+02 2.463594682922121137e-05
2.620000000000000000e+02 1.484305812482489273e-05
2.630000000000000000e+02 5.928772588958963752e-05
2.640000000000000000e+02 6.248938734643161297e-05
2.650000000000000000e+02 6.968813977437093854e-05
2.660000000000000000e+02 4.997544237994588912e-05
2.670000000000000000e+02 1.205506050609983504e-04
2.680000000000000000e+02 1.054893582477234304e-04
2.690000000000000000e+02 7.188811287051066756e-05
2.700000000000000000e+02 6.584408401977270842e-05
2.710000000000000000e+02 9.302792022936046124e-05
2.720000000000000000e+02 6.121191108832135797e-05
2.730000000000000000e+02 4.067605914315208793e-05
2.740000000000000000e+02 -1.497432367614237592e-05
2.750000000000000000e+02 -9.151755511993542314e-05
2.760000000000000000e+02 -1.202419225592166185e-04
2.770000000000000000e+02 -1.492246810812503099e-04
2.780000000000000000e+02 -9.247450361726805568e-05
2.790000000000000000e+02 -6.069329174351878464e-05
2.800000000000000000e+02 -4.641299528884701431e-05
2.810000000000000000e+02 1.738678179208363872e-06
2.820000000000000000e+02 2.576641963969450444e-05
2.830000000000000000e+02 2.897377453336957842e-05
2.840000000000000000e+02 5.481645712279714644e-05
2.850000000000000000e+02 3.185830428265035152e-05
2.860000000000000000e+02 1.159125531557947397e-05
2.870000000000000000e+02 -2.707778730837162584e-05
2.880000000000000000e+02 -3.687118805828504264e-05
2.890000000000000000e+02 -1.811651163734495640e-04
2.900000000000000000e+02 -2.003429981414228678e-04
2.910000000000000000e+02 -1.213341747643426061e-04
2.920000000000000000e+02 -1.052797233569435775e-04
2.930000000000000000e+02 -1.108756187022663653e-04
2.940000000000000000e+02 -1.140950262197293341e-04
2.950000000000000000e+02 -1.557002833578735590e-04
2.960000000000000000e+02 -7.326268678298220038e-05
2.970000000000000000e+02 -9.507853246759623289e-05
2.980000000000000000e+02 -1.126415008911862969e-04
2.990000000000000000e+02 -1.043855299940332770e-04
3.000000000000000000e+02 -1.345422497252002358e-04
3.010000000000000000e+02 -9.063676407095044851e-05
3.020000000000000000e+02 -8.874629565980285406e-05
3.030000000000000000e+02 -6.487962673418223858e-05
3.040000000000000000e+02 -1.199028629343956709e-04
3.050000000000000000e+02 -1.662706781644374132e-04
3.060000000000000000e+02 -1.918782509164884686e-04
3.070000000000000000e+02 -9.682088420959189534e-05
3.080000000000000000e+02 -1.821977930376306176e-04
3.090000000000000000e+02 -1.148986702901311219e-04
3.100000000000000000e+02 -4.077494668308645487e-05
3.110000000000000000e+02 -9.437646076548844576e-05
3.120000000000000000e+02 -9.812037751544266939e-05
3.130000000000000000e+02 -1.511217269580811262e-04
3.140000000000000000e+02 -3.995018414570949972e-05
3.150000000000000000e+02 4.264964809408411384e-05
3.160000000000000000e+02 2.622933243401348591e-05
3.170000000000000000e+02 -1.061718721757642925e-04
3.180000000000000000e+02 -1.903537340695038438e-04
3.190000000000000000e+02 -2.019846870098263025e-04
3.200000000000000000e+02 -2.395629708189517260e-04
3.210000000000000000e+02 -2.788853598758578300e-04
3.220000000000000000e+02 -2.047028247034177184e-04
3.230000000000000000e+02 -2.169190265703946352e-04
3.240000000000000000e+02 -1.333801628788933158e-04
3.250000000000000000e+02 -9.801305714063346386e-05
3.260000000000000000e+02 -9.356482769362628460e-05
3.270000000000000000e+02 -5.355378016247414052e-05
3.280000000000000000e+02 -6.511640094686299562e-06
3.290000000000000000e+02 -6.515584391308948398e-05
3.300000000000000000e+02 9.667696758697275072e-06
3.310000000000000000e+02 6.841481808805838227e-05
3.320000000000000000e+02 4.980301309842616320e-05
3.330000000000000000e+02 1.376606378471478820e-04
3.340000000000000000e+02 1.641757407924160361e-04
3.350000000000000000e+02 1.469533890485763550e-04
3.360000000000000000e+02 1.607020676601678133e-04
3.370000000000000000e+02 1.163593551609665155e-04
3.380000000000000000e+02 6.434436363633722067e-05
3.390000000000000000e+02 2.401085475867148489e-05
3.400000000000000000e+02 8.261211769422516227e-05
3.410000000000000000e+02 1.223653089255094528e-04
3.420000000000000000e+02 1.577648654347285628e-04
3.430000000000000000e+02 1.738486171234399080e-04
3.440000000000000000e+02 1.159096791525371373e-04
3.450000000000000000e+02 2.274365688208490610e-04
3.460000000000000000e+02 2.072312490781769156e-04
3.470000000000000000e+02 1.977446809178218246e-04
3.480000000000000000e+02 1.038441769196651876e-04
3.490000000000000000e+02 6.883146124891936779e-05
3.500000000000000000e+02 5.624812183668836951e-05
3.510000000000000000e+02 5.390456408349564299e-06
3.520000000000000000e+02 1.843512291088700294e-05
3.530000000000000000e+02 1.901955329230986536e-05
3.540000000000000000e+02 2.788231540762353688e-06
3.550000000000000000e+02 -4.327429269324056804e-05
3.560000000000000000e+02 -1.363534465781413019e-05
3.570000000000000000e+02 6.331747863441705704e-05
3.580000000000000000e+02 5.210253584664314985e-05
3.590000000000000000e+02 1.663534494582563639e-04
3.600000000000000000e+02 1.123143592849373817e-04
3.610000000000000000e+02 1.648982579354196787e-04
3.620000000000000000e+02 1.060907161445356905e-04
3.630000000000000000e+02 1.178250386146828532e-04
3.640000000000000000e+02 7.268358604051172733e-05
3.650000000000000000e+02 1.248097305506234989e-05
3.660000000000000000e+02 4.679645280702970922e-05
3.670000000000000000e+02 9.805389709072187543e-05
3.680000000000000000e+02 6.273457256611436605e-05
3.690000000000000000e+02 1.050837163347750902e-04
3.700000000000000000e+02 1.186377994599752128e-04
3.710000000000000000e+02 1.118622240028344095e-04
3.720000000000000000e+02 6.647349073318764567e-05
3.730000000000000000e+02 -3.337187445140443742e-05
3.740000000000000000e+02 1.067524408426834270e-05
3.750000000000000000e+02 -5.255637006484903395e-05
3.760000000000000000e+02 -2.952769477815309074e-07
3.770000000000000000e+02 -7.198992534540593624e-06
3.780000000000000000e+02 2.063980537059251219e-05
3.790000000000000000e+02 -3.947721415897831321e-05
3.800000000000000000e+02 3.878257484757341444e-05
3.810000000000000000e+02 2.048397800535894930e-05
3.820000000000000000e+02 9.836783283390104771e-05
3.830000000000000000e+02 8.470331522403284907e-05
3.840000000000000000e+02 1.152700224338332191e-05
3.850000000000000000e+02 -2.107223190250806510e-05
3.860000000000000000e+02 -8.646526111988350749e-05
3.870000000000000000e+02 -1.184859502245672047e-04
3.880000000000000000e+02 -1.684381822997238487e-05
3.890000000000000000e+02 4.472677028388716280e-05
3.900000000000000000e+02 4.369148155092261732e-05
3.910000000000000000e+02 1.354315609205514193e-04
3.920000000000000000e+02 8.711948612472042441e-05
3.930000000000000000e+02 2.876148573704995215e-05
3.940000000000000000e+02 1.837813215388450772e-05
3.950000000000000000e+02 5.247012086329050362e-05
3.960000000000000000e+02 1.849559776019304991e-04
3.970000000000000000e+02 1.429761614417657256e-04
3.980000000000000000e+02 5.979264824418351054e-05
3.990000000000000000e+02 6.472342647612094879e-05
4.000000000000000000e+02 8.189343498088419437e-05
4.010000000000000000e+02 6.961557664908468723e-05
4.020000000000000000e+02 1.024221346597187221e-04
4.030000000000000000e+02 1.009189290925860405e-04
4.040000000000000000e+02 4.664016159949824214e-05
4.050000000000000000e+02 5.175571277504786849e-05
4.060000000000000000e+02 1.034807210089638829e-04
4.070000000000000000e+02 1.384786737617105246e-04
4.080000000000000000e+02 1.277445699088275433e-04
4.090000000000000000e+02 1.418413448845967650e-04
4.100000000000000000e+02 1.046148754539899528e-04
4.110000000000000000e+02 8.818976493785157800e-05
4.120000000000000000e+02 6.017873965902253985e-05
4.130000000000000000e+02 -3.265314717282308266e-06
4.140000000000000000e+02 5.038587187300436199e-05
4.150000000000000000e+02 6.838945409981533885e-05
4.160000000000000000e+02 -1.943234929058235139e-05
4.170000000000000000e+02 2.558946835051756352e-05
4.180000000000000000e+02 -9.260884689865633845e-05
4.190000000000000000e+02 -1.428142277291044593e-04
4.200000000000000000e+02 -1.302023592870682478e-04
4.210000000000000000e+02 -5.317134127835743129e-05
4.220000000000000000e+02 -1.253154186997562647e-04
4.230000000000000000e+02 -1.496897457400336862e-04
4.240000000000000000e+02 -2.549073833506554365e-04
4.250000000000000000e+02 -3.056998539250344038e-04
4.260000000000000000e+02 -3.147739917039871216e-04
4.270000000000000000e+02 -1.866168167907744646e-04
4.280000000000000000e+02 -1.463243388570845127e-04
4.290000000000000000e+02 -8.038726809900254011e-05
4.300000000000000000e+02 -5.623447577818296850e-06
4.310000000000000000e+02 7.750162330921739340e-05
4.320000000000000000e+02 1.227900502271950245e-04
4.330000000000000000e+02 1.918925590871367604e-06
4.340000000000000000e+02 -3.080983151448890567e-05
4.350000000000000000e+02 -4.418414391693659127e-06
4.360000000000000000e+02 -5.429144221125170588e-05
4.370000000000000000e+02 -1.915933244163170457e-04
4.380000000000000000e+02 -1.722621673252433538e-04
4.390000000000000000e+02 -1.773077237885445356e-04
4.400000000000000000e+02 -1.607805024832487106e-04
4.410000000000000000e+02 -1.071799706551246345e-04
4.420000000000000000e+02 -1.252251240657642484e-04
4.430000000000000000e+02 -1.833578135119751096e-04
4.440000000000000000e+02 -6.668425339739769697e-05
4.450000000000000000e+02 -4.227296085446141660e-05
4.460000000000000000e+02 5.841989332111552358e-05
4.470000000000000000e+02 5.606091144727542996e-05
4.480000000000000000e+02 -2.942625178548041731e-05
4.490000000000000000e+02 4.637535676010884345e-05
4.500000000000000000e+02 1.138546067522838712e-04
4.510000000000000000e+02 1.369312813039869070e-04
4.520000000000000000e+02 1.771179231582209468e-04
4.530000000000000000e+02 9.117078298004344106e-05
4.540000000000000000e+02 -4.499556598602794111e-05
4.550000000000000000e+02 -6.784728611819446087e-05
4.560000000000000000e+02 -2.774037056951783597e-05
4.570000000000000000e+02 -6.601506902370601892e-05
4.580000000000000000e+02 -8.980612619780004025e-05
4.590000000000000000e+02 -2.194454282289370894e-05
4.600000000000000000e+02 3.870076034218072891e-05
4.610000000000000000e+02 -2.633490294101648033e-05
4.620000000000000000e+02 -2.102750477206427604e-05
4.630000000000000000e+02 1.129568590840790421e-05
4.640000000000000000e+02 5.592349225480575114e-06
4.650000000000000000e+02 5.042896373197436333e-05
4.660000000000000000e+02 4.764684490510262549e-05
4.670000000000000000e+02 -3.634633458204916678e-06
4.680000000000000000e+02 3.969772296841256320e-05
4.690000000000000000e+02 -1.314353539783041924e-05
4.700000000000000000e+02 1.620118855498731136e-04
4.710000000000000000e+02 1.441720087314024568e-04
4.720000000000000000e+02 1.743093453114852309e-04
4.730000000000000000e+02 1.616260997252538800e-04
4.740000000000000000e+02 2.603630418889224529e-04
4.750000000000000000e+02 3.044299955945461988e-04
4.760000000000000000e+02 2.379281795583665371e-04
4.770000000000000000e+02 1.613332424312829971e-04
4.780000000000000000e+02 1.064050156855955720e-04
4.790000000000000000e+02 1.098593420465476811e-04
4.800000000000000000e+02 4.828568489756435156e-05
4.810000000000000000e+02 1.034085471474099904e-05
4.820000000000000000e+02 2.599143408588133752e-05
4.830000000000000000e+02 2.249413773824926466e-05
4.840000000000000000e+02 5.702718772226944566e-05
4.850000000000000000e+02 5.887893712497316301e-05
4.860000000000000000e+02 4.248724872013553977e-05
4.870000000000000000e+02 -4.237415487295947969e-05
4.880000000000000000e+02 -1.043538068188354373e-04
4.890000000000000000e+02 -6.791747000534087420e-05
4.900000000000000000e+02 4.493859523790888488e-05
4.910000000000000000e+02 8.653653640067204833e-05
4.920000000000000000e+02 9.541495819576084614e-05
4.930000000000000000e+02 1.252348884008824825e-04
4.940000000000000000e+02 7.511601143050938845e-05
4.950000000000000000e+02 9.781600238056853414e-05
4.960000000000000000e+02 9.056362614501267672e-05
4.970000000000000000e+02 8.003713446669280529e-05
4.980000000000000000e+02 1.160951433121226728e-04
4.990000000000000000e+02 3.939075759262777865e-05
5.000000000000000000e+02 3.332539199618622661e-05
5.010000000000000000e+02 -1.457277267036261037e-05
5.020000000000000000e+02 -2.381731246714480221e-05
5.030000000000000000e+02 -2.305879388586618006e-05
5.040000000000000000e+02 -2.598940227471757680e-05
5.050000000000000000e+02 -9.721592505229637027e-05
5.060000000000000000e+02 -8.895464270608499646e-05
5.070000000000000000e+02 -1.071563965524546802e-04
5.080000000000000000e+02 -6.379362457664683461e-05
5.090000000000000000e+02 -7.547572749899700284e-05
5.100000000000000000e+02 -3.079654197790659964e-05
5.110000000000000000e+02 -3.437550913076847792e-05
5.120000000000000000e+02 -6.497911817859858274e-05
5.130000000000000000e+02 -6.308512092800810933e-05
5.140000000000000000e+02 -4.126217754674144089e-05
5.150000000000000000e+02 1.554927621327806264e-05
5.160000000000000000e+02 6.243316602194681764e-05
5.170000000000000000e+02 8.235357381636276841e-05
5.180000000000000000e+02 5.729840995627455413e-05
5.190000000000000000e+02 5.010875975131057203e-05
5.200000000000000000e+02 1.003645666060037911e-04
5.210000000000000000e+02 -6.534616841236129403e-05
5.220000000000000000e+02 -3.462870517978444695e-05
5.230000000000000000e+02 -3.540046600392088294e-05
5.240000000000000000e+02 -7.725069735897704959e-05
5.250000000000000000e+02 -1.353907864540815353e-04
5.260000000000000000e+02 -1.174848002847284079e-04
5.270000000000000000e+02 -5.092744322610087693e-05
5.280000000000000000e+02 3.501239189063198864e-05
5.290000000000000000e+02 -2.714307447604369372e-05
5.300000000000000000e+02 4.559689477900974452e-05
5.310000000000000000e+02 5.390280057326890528e-05
5.320000000000000000e+02 -1.312546282861148939e-05
5.330000000000000000e+02 -2.987783955177292228e-05
5.340000000000000000e+02 5.703739589080214500e-05
5.350000000000000000e+02 -2.642215804371517152e-05
5.360000000000000000e+02 8.100237209873739630e-06
5.370000000000000000e+02 1.239637367689283565e-05
5.380000000000000000e+02 8.673072443343698978e-06
5.390000000000000000e+02 1.286164624616503716e-04
5.400000000000000000e+02 6.831294740550220013e-05
5.410000000000000000e+02 5.180192238185554743e-05
5.420000000000000000e+02 4.460632771952077746e-05
5.430000000000000000e+02 -4.541390808299183846e-05
5.440000000000000000e+02 -6.686686538159847260e-05
5.450000000000000000e+02 -3.498604883134248666e-06
5.460000000000000000e+02 4.723318488686345518e-05
5.470000000000000000e+02 1.416756567778065801e-04
5.480000000000000000e+02 1.476325996918603778e-04
5.490000000000000000e+02 1.025663514155894518e-04
5.500000000000000000e+02 2.106737338181119412e-05
5.510000000000000000e+02 -3.372864739503711462e-05
5.520000000000000000e+02 -6.603326619369909167e-05
5.530000000000000000e+02 -6.077253419789485633e-05
5.540000000000000000e+02 -1.454684970667585731e-04
5.550000000000000000e+02 -1.776257267920300364e-04
5.560000000000000000e+02 -2.086316089844331145e-04
5.570000000000000000e+02 -8.119551785057410598e-05
5.580000000000000000e+02 -5.839188816025853157e-05
5.590000000000000000e+02 -4.597955921781249344e-05
5.600000000000000000e+02 -6.308188176262774505e-07
5.610000000000000000e+02 -1.167664231616072357e-04
5.620000000000000000e+02 -8.205346966860815883e-05
5.630000000000000000e+02 -1.219378318637609482e-04
5.640000000000000000e+02 -1.828585809562355280e-04
5.650000000000000000e+02 -2.300548512721434236e-04
5.660000000000000000e+02 -1.812762493500486016e-04
5.670000000000000000e+02 -1.862424396676942706e-04
5.680000000000000000e+02 -9.282807877752929926e-05
5.690000000000000000e+02 -1.078160130418837070e-05
5.700000000000000000e+02 -2.366111220908351243e-05
5.710000000000000000e+02 -8.959920523921027780e-05
5.720000000000000000e+02 -6.894027319503948092e-05
5.730000000000000000e+02 -1.098491247830679640e-05
5.740000000000000000e+02 -1.085828334908001125e-04
5.750000000000000000e+02 -9.347388549940660596e-05
5.760000000000000000e+02 -2.001700486289337277e-04
5.770000000000000000e+02 -2.780774957500398159e-04
5.780000000000000000e+02 -1.918284688144922256e-04
5.790000000000000000e+02 -1.898128975881263614e-04
5.800000000000000000e+02 -4.618480943463509902e-06
5.810000000000000000e+02 -1.842263918661046773e-05
5.820000000000000000e+02 1.250837667612358928e-04
5.830000000000000000e+02 1.144210546044632792e-04
5.840000000000000000e+02 1.156433500000275671e-04
5.850000000000000000e+02 1.908550329972058535e-04
5.860000000000000000e+02 1.926736149471253157e-04
5.870000000000000000e+02 1.207709501613862813e-04
5.880000000000000000e+02 1.613366621313616633e-04
5.890000000000000000e+02 1.454688172088935971e-04
5.900000000000000000e+02 8.687014633323997259e-05
5.910000000000000000e+02 7.996887870831415057e-05
5.920000000000000000e+02 5.281430276227183640e-05
5.930000000000000000e+02 1.979320040845777839e-05
5.940000000000000000e+02 2.058347490674350411e-05
5.950000000000000000e+02 3.276617280789650977e-05
5.960000000000000000e+02 3.291385655757039785e-05
5.970000000000000000e+02 -7.990444282768294215e-05
5.980000000000000000e+02 -1.170233517768792808e-04
5.990000000000000000e+02 -6.347921589622274041e-05
6.000000000000000000e+02 -1.273371890420094132e-04
6.010000000000000000e+02 -1.884629455162212253e-04
6.020000000000000000e+02 1.994587000808678567e-05
6.030000000000000000e+02 3.905300036421976984e-05
6.040000000000000000e+02 -1.759198312356602401e-05
6.050000000000000000e+02 2.245657742605544627e-05
6.060000000000000000e+02 -3.832253787550143898e-05
6.070000000000000000e+02 7.522205851273611188e-05
6.080000000000000000e+02 4.309905125410296023e-05
6.090000000000000000e+02 9.701373346615582705e-05
6.100000000000000000e+02 6.025368202244862914e-05
6.110000000000000000e+02 1.125754715758375823e-04
6.120000000000000000e+02 1.689641794655472040e-04
6.130000000000000000e+02 1.642559218453243375e-04
6.140000000000000000e+02 1.467783877160400152e-04
6.150000000000000000e+02 1.757278078002855182e-04
6.160000000000000000e+02 5.871482790098525584e-05
6.170000000000000000e+02 1.389456997458182741e-06
6.180000000000000000e+02 6.248131103347986937e-05
6.190000000000000000e+02 3.336812005727551877e-05
6.200000000000000000e+02 3.271919922553934157e-05
6.210000000000000000e+02 5.105849049868993461e-05
6.220000000000000000e+02 8.032803452806547284e-05
6.230000000000000000e+02 9.594277798896655440e-05
6.240000000000000000e+02 1.487323461333289742e-04
6.250000000000000000e+02 1.495219330536201596e-04
6.260000000000000000e+02 1.319402363151311874e-04
6.270000000000000000e+02 8.037196676013991237e-05
6.280000000000000000e+02 3.709202428581193089e-05
6.290000000000000000e+02 4.247554898029193282e-05
6.300000000000000000e+02 6.434730312321335077e-05
6.310000000000000000e+02 1.101509315049042925e-05
6.320000000000000000e+02 -3.121401459793560207e-05
6.330000000000000000e+02 -1.085493640857748687e-04
6.340000000000000000e+02 -1.209477195516228676e-04
6.350000000000000000e+02 -2.523240691516548395e-04
6.360000000000000000e+02 -3.036597627215087414e-04
6.370000000000000000e+02 -2.767699770629405975e-04
6.380000000000000000e+02 -3.052689135074615479e-04
6.390000000000000000e+02 -2.001524117076769471e-04
6.400000000000000000e+02 -1.249995839316397905e-04
6.410000000000000000e+02 -1.658100954955443740e-04
6.420000000000000000e+02 -1.076346525223925710e-04
6.430000000000000000e+02 -8.728427201276645064e-05
6.440000000000000000e+02 -1.156311918748542666e-04
6.450000000000000000e+02 -1.036377361742779613e-04
6.460000000000000000e+02 -7.084650860633701086e-05
6.470000000000000000e+02 -3.151467535644769669e-05
6.480000000000000000e+02 3.151484634145163000e-05
6.490000000000000000e+02 -2.053350044661783613e-06
6.500000000000000000e+02 -5.847749707754701376e-05
6.510000000000000000e+02 -1.041780487867072225e-04
6.520000000000000000e+02 -1.097487111110240221e-04
6.530000000000000000e+02 -1.111479650717228651e-04
6.540000000000000000e+02 -9.622980724088847637e-05
6.550000000000000000e+02 -3.658861169242300093e-05
6.560000000000000000e+02 -2.187439531553536654e-04
6.570000000000000000e+02 -1.471888099331408739e-04
6.580000000000000000e+02 -1.032719592330977321e-04
6.590000000000000000e+02 -9.188724652631208301e-05
6.600000000000000000e+02 -6.383390427799895406e-05
6.610000000000000000e+02 -5.790453724330291152e-05
6.620000000000000000e+02 -6.831016071373596787e-05
6.630000000000000000e+02 -1.029720988299231976e-05
6.640000000000000000e+02 4.773218824993818998e-05
6.650000000000000000e+02 2.580940963525790721e-05
6.660000000000000000e+02 7.419484973070211709e-06
6.670000000000000000e+02 -7.642831042176112533e-05
6.680000000000000000e+02 9.068502549780532718e-06
6.690000000000000000e+02 -1.523533228464657441e-05
6.700000000000000000e+02 1.694972525001503527e-05
6.710000000000000000e+02 -3.323257624288089573e-05
6.720000000000000000e+02 -3.447032577241770923e-05
6.730000000000000000e+02 -1.114182887249626219e-04
6.740000000000000000e+02 -8.701503247721120715e-05
6.750000000000000000e+02 -1.156384532805532217e-04
6.760000000000000000e+02 -1.236009848071262240e-04
6.770000000000000000e+02 -5.845531268278136849e-05
6.780000000000000000e+02 3.093734630965627730e-05
6.790000000000000000e+02 -1.433318357157986611e-05
6.800000000000000000e+02 7.444331913575297222e-06
6.810000000000000000e+02 8.010774035938084126e-05
6.820000000000000000e+02 -5.312235225574113429e-05
6.830000000000000000e+02 -1.054418316925875843e-04
6.840000000000000000e+02 -1.724953181110322475e-04
6.850000000000000000e+02 -1.258635602425783873e-04
6.860000000000000000e+02 -9.249937284039333463e-05
6.870000000000000000e+02 -3.142143759760074317e-05
6.880000000000000000e+02 -2.914204014814458787e-05
6.890000000000000000e+02 -2.332508483959827572e-05
6.900000000000000000e+02 4.575566345010884106e-05
6.910000000000000000e+02 5.495771256391890347e-05
6.920000000000000000e+02 8.256468572653830051e-05
6.930000000000000000e+02 1.409023680025711656e-04
6.940000000000000000e+02 1.541954261483624578e-04
6.950000000000000000e+02 1.457637263229116797e-04
6.960000000000000000e+02 1.304018223891034722e-04
6.970000000000000000e+02 3.063789699808694422e-05
6.980000000000000000e+02 6.686232154606841505e-06
6.990000000000000000e+02 -5.569491463575104717e-07
7.000000000000000000e+02 -2.741327989497222006e-05
7.010000000000000000e+02 4.482745498535223305e-05
7.020000000000000000e+02 4.435675509739667177e-05
7.030000000000000000e+02 1.142700421041809022e-04
7.040000000000000000e+02 1.394839782733470201e-04
7.050000000000000000e+02 1.506687985965982080e-04
7.060000000000000000e+02 3.309932799311354756e-05
7.070000000000000000e+02 9.997349116019904613e-05
7.080000000000000000e+02 1.460706553189083934e-04
7.090000000000000000e+02 3.838880365947261453e-05
7.100000000000000000e+02 7.643832213943824172e-05
7.110000000000000000e+02 1.190143666462972760e-04
7.120000000000000000e+02 1.691177167231217027e-04
7.130000000000000000e+02 1.323015603702515364e-04
7.140000000000000000e+02 6.874174141557887197e-05
7.150000000000000000e+02 -1.703933207863883581e-06
7.160000000000000000e+02 3.934278993256157264e-06
7.170000000000000000e+02 -5.895713911741040647e-05
7.180000000000000000e+02 -5.040922405896708369e-05
7.190000000000000000e+02 -7.840912076062522829e-06
7.200000000000000000e+02 -8.331424760399386287e-05
7.210000000000000000e+02 -5.133470040163956583e-05
7.220000000000000000e+02 -3.767889938899315894e-05
7.230000000000000000e+02 -2.933022915385663509e-05
7.240000000000000000e+02 5.935597437201067805e-05
7.250000000000000000e+02 1.585163845447823405e-04
7.260000000000000000e+02 4.672630529967136681e-05
7.270000000000000000e+02 9.739493543747812510e-05
7.280000000000000000e+02 3.335295332362875342e-05
7.290000000000000000e+02 6.921583235452999361e-07
7.300000000000000000e+02 7.780321902828291059e-05
7.310000000000000000e+02 -2.482650961610488594e-05
7.320000000000000000e+02 5.739406697102822363e-05
7.330000000000000000e+02 6.663088424829766154e-05
7.340000000000000000e+02 4.607295340974815190e-05
7.350000000000000000e+02 -5.046259320806711912e-05
7.360000000000000000e+02 -1.048949925461784005e-04
7.370000000000000000e+02 -1.006060338113456964e-04
7.380000000000000000e+02 -7.222522981464862823e-05
7.390000000000000000e+02 3.835338702629087493e-06
7.400000000000000000e+02 3.405637926334748045e-06
7.410000000000000000e+02 3.476666461210697889e-05
7.420000000000000000e+02 1.632273233553860337e-05
7.430000000000000000e+02 5.902252087253145874e-05
7.440000000000000000e+02 8.975090167950838804e-05
7.450000000000000000e+02 5.547040927922353148e-05
7.460000000000000000e+02 6.420895078917965293e-05
7.470000000000000000e+02 1.354963897028937936e-04
7.480000000000000000e+02 -6.631582891714060679e-06
7.490000000000000000e+02 4.328557042754255235e-05
7.500000000000000000e+02 4.009010081063024700e-05
7.510000000000000000e+02 -1.198705922433873639e-05
7.520000000000000000e+02 1.475044700782746077e-05
7.530000000000000000e+02 -1.201097347802715376e-05
7.540000000000000000e+02 -3.236168413423001766e-05
7.550000000000000000e+02 -7.404787174891680479e-05
7.560000000000000000e+02 -1.764624757925048470e-04
7.570000000000000000e+02 -2.150734944734722376e-04
7.580000000000000000e+02 -1.488540292484685779e-04
7.590000000000000000e+02 -1.508194545749574900e-04
7.600000000000000000e+02 -1.864985824795439839e-04
7.610000000000000000e+02 -1.181052502943202853e-04
7.620000000000000000e+02 -1.173896234831772745e-04
7.630000000000000000e+02 -1.275212853215634823e-04
7.640000000000000000e+02 -1.508598215878009796e-04
7.650000000000000000e+02 -1.203617939609102905e-04
7.660000000000000000e+02 -2.002483815886080265e-04
7.670000000000000000e+02 -2.071509661618620157e-04
7.680000000000000000e+02 -1.046913530444726348e-04
7.690000000000000000e+02 -9.033145033754408360e-05
7.700000000000000000e+02 -1.002291901386342943e-04
7.710000000000000000e+02 -1.347446086583659053e-04
7.720000000000000000e+02 -8.569273632019758224e-05
7.730000000000000000e+02 -6.119063618825748563e-05
7.740000000000000000e+02 -1.256123796338215470e-04
7.750000000000000000e+02 -1.228250184794887900e-04
7.760000000000000000e+02 -1.309771614614874125e-04
7.770000000000000000e+02 -7.480562635464593768e-05
7.780000000000000000e+02 -7.812499825377017260e-05
7.790000000000000000e+02 -5.757071266998536885e-05
7.800000000000000000e+02 -3.174541006956133060e-06
7.810000000000000000e+02 8.453668124275282025e-05
7.820000000000000000e+02 1.117308929678983986e-04
7.830000000000000000e+02 9.986796794692054391e-05
7.840000000000000000e+02 9.630717977415770292e-05
7.850000000000000000e+02 5.672733459505252540e-05
7.860000000000000000e+02 6.367860623868182302e-05
7.870000000000000000e+02 5.358485213946551085e-05
7.880000000000000000e+02 5.017040166421793401e-05
7.890000000000000000e+02 -5.050274558016099036e-05
7.900000000000000000e+02 -2.890363248297944665e-05
7.910000000000000000e+02 1.039536073221825063e-05
7.920000000000000000e+02 1.161043383035575971e-05
7.930000000000000000e+02 3.092353654210455716e-05
7.940000000000000000e+02 -2.669709465408232063e-05
7.950000000000000000e+02 -4.785672717844136059e-05
7.960000000000000000e+02 -8.226553291024174541e-06
7.970000000000000000e+02 -1.335362412646645680e-05
7.980000000000000000e+02 -6.341577318380586803e-06
7.990000000000000000e+02 5.709285687771625817e-05
8.000000000000000000e+02 3.995847509941086173e-05
8.010000000000000000e+02 5.680413232767023146e-05
8.020000000000000000e+02 9.549345850246027112e-05
8.030000000000000000e+02 3.181979263899847865e-05
8.040000000000000000e+02 9.138839959632605314e-05
8.050000000000000000e+02 7.099028152879327536e-05
8.060000000000000000e+02 1.442565408069640398e-04
8.070000000000000000e+02 1.379678287776187062e-04
8.080000000000000000e+02 1.532560709165409207e-04
8.090000000000000000e+02 1.340447051916271448e-04
8.100000000000000000e+02 1.178104357677511871e-04
8.110000000000000000e+02 6.724640115862712264e-05
8.120000000000000000e+02 6.098245648900046945e-05
8.130000000000000000e+02 1.006398015306331217e-04
8.140000000000000000e+02 1.863566430984064937e-04
8.150000000000000000e+02 7.647171878488734365e-05
8.160000000000000000e+02 5.939821858191862702e-05
8.170000000000000000e+02 4.776246714754961431e-05
8.180000000000000000e+02 9.176563617074862123e-05
8.190000000000000000e+02 7.156702486099675298e-05
8.200000000000000000e+02 -1.665883974055759609e-05
8.210000000000000000e+02 -1.235961244674399495e-04
8.220000000000000000e+02 -1.307805796386674047e-04
8.230000000000000000e+02 -2.532468934077769518e-04
8.240000000000000000e+02 -2.738297625910490751e-04
8.250000000000000000e+02 -2.448999730404466391e-04
8.260000000000000000e+02 -1.622073905309662223e-04
8.270000000000000000e+02 -1.183165804832242429e-04
8.280000000000000000e+02 -8.458817319478839636e-05
8.290000000000000000e+02 2.937921181001001969e-06
8.300000000000000000e+02 -2.461919575580395758e-05
8.310000000000000000e+02 -5.893462002859450877e-05
8.320000000000000000e+02 -9.291432070313021541e-05
8.330000000000000000e+02 -1.694048696663230658e-04
8.340000000000000000e+02 -1.199247344629839063e-04
8.350000000000000000e+02 -5.192492608330212533e-05
8.360000000000000000e+02 -7.770596857881173491e-05
8.370000000000000000e+02 1.832249836297705770e-05
8.380000000000000000e+02 -4.755433837999589741e-05
8.390000000000000000e+02 -6.887371273478493094e-05
8.400000000000000000e+02 -8.640325540909543633e-05
8.410000000000000000e+02 -6.027749986969865859e-05
8.420000000000000000e+02 -7.601141987834125757e-05
8.430000000000000000e+02 7.269583147717639804e-05
8.440000000000000000e+02 6.623603985644876957e-05
8.450000000000000000e+02 1.174678836832754314e-04
8.460000000000000000e+02 9.721741662360727787e-05
8.470000000000000000e+02 1.572785840835422277e-04
8.480000000000000000e+02 1.458469341741874814e-04
8.490000000000000000e+02 2.547804906498640776e-04
8.500000000000000000e+02 1.587747974554076791e-04
8.510000000000000000e+02 9.389479964738711715e-05
8.520000000000000000e+02 9.815413068281486630e-05
8.530000000000000000e+02 1.032644140650518239e-04
8.540000000000000000e+02 5.766268077422864735e-05
8.550000000000000000e+02 1.584354140504729003e-05
8.560000000000000000e+02 -8.998539124149829149e-05
8.570000000000000000e+02 -3.395722524146549404e-05
8.580000000000000000e+02 2.505014344933442771e-05
8.590000000000000000e+02 5.192282060306752101e-06
8.600000000000000000e+02 5.028282248531468213e-05
8.610000000000000000e+02 9.025842155097052455e-05
8.620000000000000000e+02 1.257382245967164636e-04
8.630000000000000000e+02 8.191898086806759238e-05
8.640000000000000000e+02 5.673774467140901834e-06
8.650000000000000000e+02 1.922297087730839849e-05
8.660000000000000000e+02 1.537824459774128627e-06
8.670000000000000000e+02 1.048569993145065382e-05
8.680000000000000000e+02 5.310246706358157098e-05
8.690000000000000000e+02 8.182534656953066587e-05
8.700000000000000000e+02 1.045813987730070949e-04
8.710000000000000000e+02 4.896916288998909295e-05
8.720000000000000000e+02 1.274583337362855673e-04
8.730000000000000000e+02 1.381271140417084098e-04
8.740000000000000000e+02 1.287952618440613151e-04
8.750000000000000000e+02 5.127601252752356231e-05
8.760000000000000000e+02 -1.689837699814233929e-05
8.770000000000000000e+02 4.677598553826101124e-05
8.780000000000000000e+02 -1.873227120086085051e-05
8.790000000000000000e+02 8.080422412604093552e-05
8.800000000000000000e+02 1.230019261129200459e-04
8.810000000000000000e+02 1.952839957084506750e-04
8.820000000000000000e+02 5.810303991893306375e-05
8.830000000000000000e+02 2.855300772353075445e-05
8.840000000000000000e+02 1.291594235226511955e-04
8.850000000000000000e+02 1.472598087275400758e-04
8.860000000000000000e+02 7.433427526848390698e-05
8.870000000000000000e+02 5.422990579972974956e-05
8.880000000000000000e+02 3.906902566086500883e-05
8.890000000000000000e+02 1.710645119601394981e-05
8.900000000000000000e+02 -3.420796201680786908e-05
8.910000000000000000e+02 -3.519235542626120150e-05
8.920000000000000000e+02 8.513250941177830100e-05
8.930000000000000000e+02 8.920153049984946847e-05
8.940000000000000000e+02 1.469063281547278166e-04
8.950000000000000000e+02 1.052109728334471583e-04
8.960000000000000000e+02 3.686784839374013245e-05
8.970000000000000000e+02 6.801280687795951962e-05
8.980000000000000000e+02 2.446510734444018453e-05
8.990000000000000000e+02 -8.709539542905986309e-06
9.000000000000000000e+02 3.722376959558459930e-06
9.010000000000000000e+02 1.930474581968155690e-06
9.020000000000000000e+02 -1.401803638145793229e-05
9.030000000000000000e+02 -1.982548747037071735e-05
9.040000000000000000e+02 1.938257264555431902e-05
9.050000000000000000e+02 2.844870505214203149e-05
9.060000000000000000e+02 7.784063200233504176e-05
9.070000000000000000e+02 1.219354089698754251e-04
9.080000000000000000e+02 8.039711974561214447e-05
9.090000000000000000e+02 9.853716619545593858e-05
9.100000000000000000e+02 1.248011976713314652e-04
9.110000000000000000e+02 1.444108638679608703e-04
9.120000000000000000e+02 8.825978875393047929e-05
9.130000000000000000e+02 4.404013452585786581e-05
9.140000000000000000e+02 -4.791049650521017611e-05
9.150000000000000000e+02 -4.929376154905185103e-05
9.160000000000000000e+02 -7.900036871433258057e-05
9.170000000000000000e+02 -3.017243398062419146e-05
9.180000000000000000e+02 -1.461203373764874414e-05
9.190000000000000000e+02 6.359393591992557049e-05
9.200000000000000000e+02 -5.683741983375512064e-05
9.210000000000000000e+02 -1.043912998284213245e-04
9.220000000000000000e+02 -9.561256592860445380e-05
9.230000000000000000e+02 -7.911548891570419073e-05
9.240000000000000000e+02 -4.523884490481577814e-05
9.250000000000000000e+02 -2.704439248191192746e-05
9.260000000000000000e+02 -6.019174907123669982e-05
9.270000000000000000e+02 -9.940104064298793674e-05
9.280000000000000000e+02 -6.093072806834243238e-05
9.290000000000000000e+02 -5.743467409047298133e-05
9.300000000000000000e+02 -5.697690721717663109e-05
9.310000000000000000e+02 -4.297772102290764451e-05
9.320000000000000000e+02 -7.563185499748215079e-05
9.330000000000000000e+02 -8.168704516720026731e-05
9.340000000000000000e+02 -8.661962056066840887e-05
9.350000000000000000e+02 -7.109701982699334621e-05
9.360000000000000000e+02 -2.974138260469771922e-05
9.370000000000000000e+02 3.568500687833875418e-05
9.380000000000000000e+02 4.308733696234412491e-05
9.390000000000000000e+02 1.614585562492720783e-05
9.400000000000000000e+02 3.568386819097213447e-05
9.410000000000000000e+02 6.419118290068581700e-05
9.420000000000000000e+02 1.187416000902885571e-05
9.430000000000000000e+02 5.386756674852222204e-05
9.440000000000000000e+02 9.143961506197229028e-05
9.450000000000000000e+02 7.775472477078437805e-05
9.460000000000000000e+02 6.601812492590397596e-05
9.470000000000000000e+02 1.229146000696346164e-04
9.480000000000000000e+02 1.831087429309263825e-04
9.490000000000000000e+02 1.916886831168085337e-04
9.500000000000000000e+02 1.307413913309574127e-04
9.510000000000000000e+02 1.454152807127684355e-04
9.520000000000000000e+02 1.865623344201594591e-04
9.530000000000000000e+02 1.496729091741144657e-04
9.540000000000000000e+02 1.160273604909889400e-04
9.550000000000000000e+02 8.009492739802226424e-05
9.560000000000000000e+02 -4.870271368417888880e-05
9.570000000000000000e+02 -2.232011138403322548e-05
9.580000000000000000e+02 -1.478433696320280433e-04
9.590000000000000000e+02 -1.124464033637195826e-04
9.600000000000000000e+02 -9.473920363234356046e-05
9.610000000000000000e+02 -7.260630081873387098e-05
9.620000000000000000e+02 -6.735824717907235026e-05
9.630000000000000000e+02 -1.771565875969827175e-04
9.640000000000000000e+02 -1.415319420630112290e-04
9.650000000000000000e+02 -1.457791368011385202e-04
9.660000000000000000e+02 -1.342264795312075876e-06
9.670000000000000000e+02 -2.586465598142240196e-05
9.680000000000000000e+02 1.772102768882177770e-05
9.690000000000000000e+02 9.712982136989012361e-05
9.700000000000000000e+02 6.161985220387578011e-05
9.710000000000000000e+02 1.504051469964906573e-04
9.720000000000000000e+02 2.372118760831654072e-04
9.730000000000000000e+02 1.217547323904000223e-04
9.740000000000000000e+02 2.080518024740740657e-04
9.750000000000000000e+02 2.187770151067525148e-04
9.760000000000000000e+02 1.947670243680477142e-04
9.770000000000000000e+02 1.495962787885218859e-04
9.780000000000000000e+02 1.822814665501937270e-04
9.790000000000000000e+02 2.641710452735424042e-04
9.800000000000000000e+02 3.384089795872569084e-04
9.810000000000000000e+02 3.139676409773528576e-04
9.820000000000000000e+02 2.670882677193731070e-04
9.830000000000000000e+02 1.574430352775380015e-04
9.840000000000000000e+02 1.007570099318400025e-04
9.850000000000000000e+02 4.159620584687218070e-05
9.860000000000000000e+02 -1.012616776279173791e-04
9.870000000000000000e+02 -1.039072667481377721e-04
9.880000000000000000e+02 -9.695019980426877737e-05
9.890000000000000000e+02 -6.456040864577516913e-05
9.900000000000000000e+02 -7.622587872901931405e-05
9.910000000000000000e+02 -1.280500146094709635e-04
9.920000000000000000e+02 -8.814584725769236684e-05
9.930000000000000000e+02 -1.743914908729493618e-04
9.940000000000000000e+02 -1.004094883683137596e-04
9.950000000000000000e+02 -2.454396235407330096e-05
9.960000000000000000e+02 9.257050987798720598e-05
9.970000000000000000e+02 3.140161788905970752e-05
9.980000000000000000e+02 5.671927283401601017e-06
9.990000000000000000e+02 1.883619188447482884e-05
1.000000000000000000e+03 9.349120227852836251e-05
