0.000000000000000000e+00 2.995014190673828125e-02
2.000000000000000000e+00 1.185712683945894241e-02
4.000000000000000000e+00 7.016428746283054352e-03
6.000000000000000000e+00 4.516848828643560410e-03
8.000000000000000000e+00 3.090394660830497742e-03
1.000000000000000000e+01 2.242306480184197426e-03
1.200000000000000000e+01 1.708817086182534695e-03
1.400000000000000000e+01 1.332668587565422058e-03
1.600000000000000000e+01 1.066701952368021011e-03
1.800000000000000000e+01 8.852098253555595875e-04
2.000000000000000000e+01 7.534903706982731819e-04
2.200000000000000000e+01 6.402344442903995514e-04
2.400000000000000000e+01 5.643870681524276733e-04
2.600000000000000000e+01 4.993548500351607800e-04
2.800000000000000000e+01 4.261591529939323664e-04
3.000000000000000000e+01 3.811715287156403065e-04
3.200000000000000000e+01 3.475689445622265339e-04
3.400000000000000000e+01 3.136198210995644331e-04
3.600000000000000000e+01 2.686958177946507931e-04
3.800000000000000000e+01 2.390132576692849398e-04
4.000000000000000000e+01 2.143644524039700627e-04
4.200000000000000000e+01 1.983026450034230947e-04
4.400000000000000000e+01 1.873556611826643348e-04
4.600000000000000000e+01 1.750524097587913275e-04
4.800000000000000000e+01 1.568312582094222307e-04
5.000000000000000000e+01 1.328055077465251088e-04
5.200000000000000000e+01 1.248729531653225422e-04
5.400000000000000000e+01 1.153659541159868240e-04
5.600000000000000000e+01 1.141802495112642646e-04
5.800000000000000000e+01 1.029760824167169631e-04
6.000000000000000000e+01 8.934822835726663470e-05
6.200000000000000000e+01 8.069388422882184386e-05
6.400000000000000000e+01 6.548537930939346552e-05
6.600000000000000000e+01 6.444844621000811458e-05
6.800000000000000000e+01 5.991860962240025401e-05
7.000000000000000000e+01 6.149997352622449398e-05
7.200000000000000000e+01 5.316738315741531551e-05
7.400000000000000000e+01 4.941452061757445335e-05
7.600000000000000000e+01 5.119103661854751408e-05
7.800000000000000000e+01 4.448735489859245718e-05
8.000000000000000000e+01 3.772430136450566351e-05
8.200000000000000000e+01 3.662435847218148410e-05
8.400000000000000000e+01 3.730782191269099712e-05
8.600000000000000000e+01 3.311986074550077319e-05
8.800000000000000000e+01 2.990363282151520252e-05
9.000000000000000000e+01 3.080897658946923912e-05
9.200000000000000000e+01 2.610961928439792246e-05
9.400000000000000000e+01 2.682091508177109063e-05
9.600000000000000000e+01 2.030353971349541098e-05
9.800000000000000000e+01 2.196563400502782315e-05
1.000000000000000000e+02 2.672762457223143429e-05
1.020000000000000000e+02 2.671713809831999242e-05
1.040000000000000000e+02 2.916907033068127930e-05
1.060000000000000000e+02 1.997458093683235347e-05
1.080000000000000000e+02 1.996013088501058519e-05
1.100000000000000000e+02 1.526387131889350712e-05
1.120000000000000000e+02 1.422287914465414360e-05
1.140000000000000000e+02 1.326382880506571382e-05
1.160000000000000000e+02 1.327141762885730714e-05
1.180000000000000000e+02 1.416098984918789938e-05
1.200000000000000000e+02 8.604599315731320530e-06
1.220000000000000000e+02 1.075853560905670747e-05
1.240000000000000000e+02 7.473597179341595620e-06
1.260000000000000000e+02 8.023479495022911578e-06
1.280000000000000000e+02 7.517543508583912626e-06
1.300000000000000000e+02 8.082448403001762927e-06
1.320000000000000000e+02 5.329647137841675431e-06
1.340000000000000000e+02 9.288121873396448791e-06
1.360000000000000000e+02 1.144200359703972936e-05
1.380000000000000000e+02 6.295823368418496102e-06
1.400000000000000000e+02 1.289363990508718416e-05
1.420000000000000000e+02 8.459279342787340283e-06
1.440000000000000000e+02 3.024335228474228643e-06
1.460000000000000000e+02 2.061105533357476816e-06
1.480000000000000000e+02 -5.917490941698133611e-09
1.500000000000000000e+02 -1.385221480632026214e-06
1.520000000000000000e+02 3.966996189319615951e-07
1.540000000000000000e+02 3.888583250954980031e-06
1.560000000000000000e+02 1.882876176750869490e-06
1.580000000000000000e+02 -7.296942499124270398e-07
1.600000000000000000e+02 5.288914508128073066e-06
1.620000000000000000e+02 2.100208121191826649e-06
1.640000000000000000e+02 1.978512955247424543e-06
1.660000000000000000e+02 6.122017111920285970e-06
1.680000000000000000e+02 2.402469817752717063e-06
1.700000000000000000e+02 5.886405688215745613e-06
1.720000000000000000e+02 5.510290975507814437e-06
1.740000000000000000e+02 5.392286311689531431e-06
1.760000000000000000e+02 7.826083674444817007e-06
1.780000000000000000e+02 4.152937435719650239e-06
1.800000000000000000e+02 -1.490548982019390678e-07
1.820000000000000000e+02 5.053308086644392461e-06
1.840000000000000000e+02 1.061042166838888079e-05
1.860000000000000000e+02 1.255318784387782216e-05
1.880000000000000000e+02 1.161477030109381303e-05
1.900000000000000000e+02 1.017964586935704574e-05
1.920000000000000000e+02 7.598859610880026594e-06
1.940000000000000000e+02 3.893835128110367805e-06
1.960000000000000000e+02 4.176778475084574893e-06
1.980000000000000000e+02 7.758414540148805827e-06
2.000000000000000000e+02 1.064989737642463297e-05
2.020000000000000000e+02 1.085888379748212174e-05
2.040000000000000000e+02 9.228778253600466996e-06
2.060000000000000000e+02 2.671032234502490610e-06
2.080000000000000000e+02 1.474818873248295859e-06
2.100000000000000000e+02 8.258377420133911073e-06
2.120000000000000000e+02 1.104650982597377151e-05
2.140000000000000000e+02 4.206008270557504147e-06
2.160000000000000000e+02 1.986620873140054755e-06
2.180000000000000000e+02 2.885723688450525515e-06
2.200000000000000000e+02 2.297863659350696253e-07
2.220000000000000000e+02 -5.608838819171069190e-06
2.240000000000000000e+02 -9.484278962190728635e-06
2.260000000000000000e+02 -7.621550139447208494e-06
2.280000000000000000e+02 -5.115433623359422199e-07
2.300000000000000000e+02 -9.952520940714748576e-07
2.320000000000000000e+02 1.270957454835297540e-07
2.340000000000000000e+02 -2.770395894913235679e-06
2.360000000000000000e+02 3.702583853737451136e-06
2.380000000000000000e+02 4.246267508278833702e-06
2.400000000000000000e+02 1.859688950389681850e-06
2.420000000000000000e+02 1.925077867781510577e-06
2.440000000000000000e+02 7.321569682972040027e-06
2.460000000000000000e+02 1.065157448465470225e-05
2.480000000000000000e+02 3.569251475710188970e-06
2.500000000000000000e+02 3.068253136007115245e-06
2.520000000000000000e+02 -4.047333277412690222e-06
2.540000000000000000e+02 -4.983396138413809240e-06
2.560000000000000000e+02 -2.245200448669493198e-06
2.580000000000000000e+02 2.721921646298142150e-06
2.600000000000000000e+02 4.655188149627065286e-06
2.620000000000000000e+02 8.666032954351976514e-06
2.640000000000000000e+02 1.150640969171945471e-06
2.660000000000000000e+02 -5.056520535617892165e-07
2.680000000000000000e+02 7.036875331323244609e-07
2.700000000000000000e+02 1.870649839474936016e-07
2.720000000000000000e+02 -1.443309542992210481e-06
2.740000000000000000e+02 -2.920262431871378794e-06
2.760000000000000000e+02 9.354548637929838151e-07
2.780000000000000000e+02 5.099416739540174603e-06
2.800000000000000000e+02 -5.831738690176280215e-06
2.820000000000000000e+02 -3.494606744425254874e-06
2.840000000000000000e+02 -3.581750888770329766e-06
2.860000000000000000e+02 -3.827646196441492066e-06
2.880000000000000000e+02 1.538975766379735433e-06
2.900000000000000000e+02 4.932798674417426810e-06
2.920000000000000000e+02 9.090745152207091451e-07
2.940000000000000000e+02 -4.617455033439910039e-06
2.960000000000000000e+02 -3.743755996765685268e-06
2.980000000000000000e+02 6.101569738348189276e-07
3.000000000000000000e+02 7.029688617876672652e-07
3.020000000000000000e+02 -2.754195975285256281e-06
3.040000000000000000e+02 -6.227810899872565642e-06
3.060000000000000000e+02 3.637700501712970436e-06
3.080000000000000000e+02 5.628039161820197478e-06
3.100000000000000000e+02 2.885151104692340596e-07
3.120000000000000000e+02 2.479011982359224930e-06
3.140000000000000000e+02 1.762450665410142392e-06
3.160000000000000000e+02 5.294681386658339761e-07
3.180000000000000000e+02 -3.948080689042399172e-07
3.200000000000000000e+02 -5.814428050143760629e-07
3.220000000000000000e+02 -3.733479388756677508e-06
3.240000000000000000e+02 -2.245893483632244170e-06
3.260000000000000000e+02 2.230144218628993258e-06
3.280000000000000000e+02 1.148768319580995012e-06
3.300000000000000000e+02 4.074689513799967244e-06
3.320000000000000000e+02 -2.655829348441329785e-06
3.340000000000000000e+02 6.211260370037052780e-06
3.360000000000000000e+02 5.420167326519731432e-06
3.380000000000000000e+02 2.013258836086606607e-06
3.400000000000000000e+02 3.437002305872738361e-06
3.420000000000000000e+02 7.927159231257974170e-07
3.440000000000000000e+02 6.079873742237396073e-07
3.460000000000000000e+02 2.742675917488668347e-07
3.480000000000000000e+02 1.027906023409741465e-06
3.500000000000000000e+02 1.741831283652572893e-06
3.520000000000000000e+02 4.028641797049203888e-06
3.540000000000000000e+02 1.083276742974703666e-06
3.560000000000000000e+02 2.420764303678879514e-06
3.580000000000000000e+02 4.400122179504251108e-06
3.600000000000000000e+02 -1.828271024351124652e-06
3.620000000000000000e+02 -6.915997801115736365e-06
3.640000000000000000e+02 -5.323083769326331094e-06
3.660000000000000000e+02 -1.618963096916559152e-06
3.680000000000000000e+02 -1.617582938706618734e-06
3.700000000000000000e+02 -1.296936261496739462e-06
3.720000000000000000e+02 3.085613116127206013e-06
3.740000000000000000e+02 5.213807980908313766e-06
3.760000000000000000e+02 2.419438033030019142e-06
3.780000000000000000e+02 1.253123400601907633e-06
3.800000000000000000e+02 -1.784488972589315381e-06
3.820000000000000000e+02 -7.467270393135549966e-07
3.840000000000000000e+02 -3.145834398310398683e-06
3.860000000000000000e+02 9.173360808745201211e-07
3.880000000000000000e+02 2.118261818395694718e-06
3.900000000000000000e+02 8.426938507000159007e-07
3.920000000000000000e+02 -5.249922651273664087e-06
3.940000000000000000e+02 -5.560476438404293731e-06
3.960000000000000000e+02 -7.817729056114330888e-06
3.980000000000000000e+02 -8.154310307872947305e-06
4.000000000000000000e+02 -1.004850037134019658e-05
4.020000000000000000e+02 -1.392064041283447295e-05
4.040000000000000000e+02 -2.110571040248032659e-05
4.060000000000000000e+02 -1.880804666143376380e-05
4.080000000000000000e+02 -1.419689033355098218e-05
4.100000000000000000e+02 -8.235278983192984015e-06
4.120000000000000000e+02 -1.251694084203336388e-05
4.140000000000000000e+02 -1.055925531545653939e-05
4.160000000000000000e+02 -6.791730356781044975e-06
4.180000000000000000e+02 -9.477393177803605795e-06
4.200000000000000000e+02 -8.556427019357215613e-06
4.220000000000000000e+02 -1.000312477117404342e-05
4.240000000000000000e+02 -6.021679837431292981e-06
4.260000000000000000e+02 -4.975110641680657864e-06
4.280000000000000000e+02 4.836876428271352779e-07
4.300000000000000000e+02 1.077198021448566578e-06
4.320000000000000000e+02 4.953447842126479372e-06
4.340000000000000000e+02 3.549714620021404698e-06
4.360000000000000000e+02 5.088951638754224405e-06
4.380000000000000000e+02 3.495449618640122935e-06
4.400000000000000000e+02 -1.610052436262776610e-06
4.420000000000000000e+02 1.508030209151911549e-06
4.440000000000000000e+02 7.471344929399492685e-07
4.460000000000000000e+02 1.538622768748609815e-06
4.480000000000000000e+02 -4.327475835452787578e-06
4.500000000000000000e+02 -2.527221113268751651e-06
4.520000000000000000e+02 -7.085500328685157001e-07
4.540000000000000000e+02 2.510132162569789216e-06
4.560000000000000000e+02 -4.624643224815372378e-06
4.580000000000000000e+02 -6.026913069945294410e-06
4.600000000000000000e+02 -6.240936727408552542e-06
4.620000000000000000e+02 -4.755350346385966986e-06
4.640000000000000000e+02 -6.506017143692588434e-06
4.660000000000000000e+02 -9.814380064199212939e-07
4.680000000000000000e+02 1.572768269397784024e-06
4.700000000000000000e+02 -9.319575156041537412e-07
4.720000000000000000e+02 -1.764385729075002018e-06
4.740000000000000000e+02 -1.000172687781741843e-05
4.760000000000000000e+02 -6.777908311050850898e-06
4.780000000000000000e+02 -7.892425855970941484e-06
4.800000000000000000e+02 -6.231389761524042115e-06
4.820000000000000000e+02 -2.860348558897385374e-06
4.840000000000000000e+02 -8.368635349143005442e-07
4.860000000000000000e+02 -2.830168455147941131e-07
4.880000000000000000e+02 -5.542853614315390587e-06
4.900000000000000000e+02 -7.227376954688224941e-06
4.920000000000000000e+02 -3.455988235145923682e-06
4.940000000000000000e+02 -6.331226359179709107e-06
4.960000000000000000e+02 -6.495613433799007908e-06
4.980000000000000000e+02 -1.605538045623688959e-06
5.000000000000000000e+02 -6.040685548214241862e-06
5.020000000000000000e+02 -2.478516535120434128e-06
5.040000000000000000e+02 -1.042003304974059574e-06
5.060000000000000000e+02 -6.280843990680295974e-06
5.080000000000000000e+02 -3.860145170619944111e-06
5.100000000000000000e+02 -4.112730493943672627e-06
5.120000000000000000e+02 -5.217479611019371077e-06
5.140000000000000000e+02 3.576953986339503899e-06
5.160000000000000000e+02 -1.764936541803763248e-06
5.180000000000000000e+02 -2.601322194095700979e-06
5.200000000000000000e+02 -1.152095251200080384e-06
5.220000000000000000e+02 -6.872666745039168745e-06
5.240000000000000000e+02 2.307971953996457160e-06
5.260000000000000000e+02 2.931618610091391020e-06
5.280000000000000000e+02 3.841511897917371243e-06
5.300000000000000000e+02 -2.358564870519330725e-06
5.320000000000000000e+02 2.951154328911798075e-06
5.340000000000000000e+02 4.212648491375148296e-06
5.360000000000000000e+02 1.055058191923308186e-06
5.380000000000000000e+02 1.781980472514987923e-06
5.400000000000000000e+02 -4.575268576445523649e-06
5.420000000000000000e+02 -3.753079681700910442e-06
5.440000000000000000e+02 -6.732170731993392110e-06
5.460000000000000000e+02 -1.434570913261268288e-05
5.480000000000000000e+02 -1.186134704767027870e-05
5.500000000000000000e+02 -9.654292625782545656e-06
5.520000000000000000e+02 -5.939342372585088015e-06
5.540000000000000000e+02 -8.479431926389224827e-06
5.560000000000000000e+02 -5.910864274483174086e-06
5.580000000000000000e+02 -3.409452574487659149e-06
5.600000000000000000e+02 -5.106470325699774548e-06
5.620000000000000000e+02 1.719234887787024491e-06
5.640000000000000000e+02 5.658435838995501399e-06
5.660000000000000000e+02 8.982652616396080703e-06
5.680000000000000000e+02 4.743860699818469584e-06
5.700000000000000000e+02 5.550049309022142552e-07
5.720000000000000000e+02 3.759168521355604753e-06
5.740000000000000000e+02 -2.855828427072992781e-07
5.760000000000000000e+02 -3.598774128477089107e-06
5.780000000000000000e+02 -5.906070782657479867e-06
5.800000000000000000e+02 -2.524280262150568888e-06
5.820000000000000000e+02 -1.281777599615452345e-06
5.840000000000000000e+02 8.910151905183738563e-08
5.860000000000000000e+02 2.266500359837664291e-06
5.880000000000000000e+02 -3.551492454789695330e-06
5.900000000000000000e+02 1.091530492658421281e-07
5.920000000000000000e+02 -6.170242158987093717e-06
5.940000000000000000e+02 -9.176272214972414076e-06
5.960000000000000000e+02 -4.992275080439867452e-06
5.980000000000000000e+02 -3.488786433081259020e-06
6.000000000000000000e+02 -5.034266905568074435e-06
6.020000000000000000e+02 -8.509776307619176805e-06
6.040000000000000000e+02 -9.648611012380570173e-06
6.060000000000000000e+02 -1.030031307891476899e-05
6.080000000000000000e+02 -4.187042577541433275e-06
6.100000000000000000e+02 -4.374684976937714964e-06
6.120000000000000000e+02 -4.677076049119932577e-06
6.140000000000000000e+02 -6.455100901803234592e-06
6.160000000000000000e+02 -6.949619091756176203e-06
6.180000000000000000e+02 -8.741475539864040911e-06
6.200000000000000000e+02 3.624888620379351778e-07
6.220000000000000000e+02 9.924920050252694637e-07
6.240000000000000000e+02 -7.373352417516798596e-08
6.260000000000000000e+02 1.436485490557970479e-06
6.280000000000000000e+02 7.151771796998218633e-07
6.300000000000000000e+02 4.039495706820162013e-07
6.320000000000000000e+02 -3.918688094017852563e-07
6.340000000000000000e+02 6.034260422893567011e-06
6.360000000000000000e+02 2.278057081639417447e-06
6.380000000000000000e+02 2.880623242162982933e-06
6.400000000000000000e+02 5.240842256171163172e-06
6.420000000000000000e+02 1.562839997859555297e-06
6.440000000000000000e+02 -3.463176199147710577e-06
6.460000000000000000e+02 -3.593026121961884201e-06
6.480000000000000000e+02 -1.586973041867167922e-07
6.500000000000000000e+02 -2.111260755555122159e-06
6.520000000000000000e+02 -1.209437527904810850e-06
6.540000000000000000e+02 2.481726255609828513e-07
6.560000000000000000e+02 -4.628694568964419886e-06
6.580000000000000000e+02 -4.004468223683943506e-07
6.600000000000000000e+02 1.478634658269584179e-06
6.620000000000000000e+02 1.587229417054913938e-05
6.640000000000000000e+02 9.058134310180321336e-06
6.660000000000000000e+02 3.478250164334895089e-06
6.680000000000000000e+02 3.002975745403091423e-06
6.700000000000000000e+02 4.511821316555142403e-06
6.720000000000000000e+02 9.665272955317050219e-06
6.740000000000000000e+02 7.586277206428349018e-06
6.760000000000000000e+02 1.348955083813052624e-05
6.780000000000000000e+02 7.553543582616839558e-06
6.800000000000000000e+02 3.469542662060121074e-06
6.820000000000000000e+02 9.572921044309623539e-06
6.840000000000000000e+02 4.470169187698047608e-06
6.860000000000000000e+02 6.456812116084620357e-06
6.880000000000000000e+02 2.224494210167904384e-06
6.900000000000000000e+02 -6.150705758045660332e-07
6.920000000000000000e+02 -1.205363673761894461e-06
6.940000000000000000e+02 -3.839561031782068312e-06
6.960000000000000000e+02 -5.651793799188453704e-06
6.980000000000000000e+02 -5.833793693454936147e-06
7.000000000000000000e+02 -1.212233883052249439e-06
7.020000000000000000e+02 -1.541639335300715175e-06
7.040000000000000000e+02 7.379237558780005202e-06
7.060000000000000000e+02 6.886133633088320494e-06
7.080000000000000000e+02 8.769608939473982900e-06
7.100000000000000000e+02 2.938207330771547277e-07
7.120000000000000000e+02 -3.382983848609910638e-08
7.140000000000000000e+02 -2.560224402259336784e-06
7.160000000000000000e+02 3.293459940323373303e-06
7.180000000000000000e+02 8.999691999633796513e-06
7.200000000000000000e+02 9.476303603150881827e-06
7.220000000000000000e+02 9.504593435849528760e-06
7.240000000000000000e+02 1.105864703276893124e-05
7.260000000000000000e+02 8.257948138634674251e-06
7.280000000000000000e+02 1.140356380346929654e-05
7.300000000000000000e+02 1.402462385158287361e-05
7.320000000000000000e+02 7.351968633884098381e-06
7.340000000000000000e+02 6.774823305022437125e-06
7.360000000000000000e+02 3.238745193812064826e-06
7.380000000000000000e+02 -3.146675226162187755e-06
7.400000000000000000e+02 -2.863414920284412801e-06
7.420000000000000000e+02 1.360661599392187782e-06
7.440000000000000000e+02 1.064179559762123972e-05
7.460000000000000000e+02 1.316656562266871333e-05
7.480000000000000000e+02 1.005343528959201649e-05
7.500000000000000000e+02 7.282033948285970837e-06
7.520000000000000000e+02 1.065382548404159024e-05
7.540000000000000000e+02 8.304080438392702490e-06
7.560000000000000000e+02 6.470029802585486323e-06
7.580000000000000000e+02 1.618867599972872995e-06
7.600000000000000000e+02 -1.451755679227062501e-06
7.620000000000000000e+02 7.338143745982961264e-07
7.640000000000000000e+02 7.297536740225041285e-06
7.660000000000000000e+02 4.797562723979353905e-06
7.680000000000000000e+02 5.006985702493693680e-06
7.700000000000000000e+02 1.890781504698679782e-06
7.720000000000000000e+02 1.117949977924581617e-05
7.740000000000000000e+02 1.077764500223565847e-05
7.760000000000000000e+02 8.753385372983757406e-06
7.780000000000000000e+02 1.083125971490517259e-05
7.800000000000000000e+02 7.857758646423462778e-06
7.820000000000000000e+02 3.769011073018191382e-06
7.840000000000000000e+02 7.459768767148489133e-06
7.860000000000000000e+02 5.738088020734721795e-06
7.880000000000000000e+02 4.166994585830252618e-06
7.900000000000000000e+02 2.196855575675726868e-06
7.920000000000000000e+02 -5.169898145140905399e-07
7.940000000000000000e+02 -6.103075975261162966e-06
7.960000000000000000e+02 -4.796828761755023152e-06
7.980000000000000000e+02 -1.585813834026339464e-06
8.000000000000000000e+02 4.927941972709959373e-06
8.020000000000000000e+02 -9.160167735444701975e-08
8.040000000000000000e+02 1.187418774861725979e-06
8.060000000000000000e+02 -1.824598825805878732e-06
8.080000000000000000e+02 -2.563542011557728983e-06
8.100000000000000000e+02 2.030928527574360487e-07
8.120000000000000000e+02 4.653316409530816600e-06
8.140000000000000000e+02 2.412679805274819955e-06
8.160000000000000000e+02 5.461060027300845832e-06
8.180000000000000000e+02 7.709337296546436846e-06
8.200000000000000000e+02 8.628565410617738962e-06
8.220000000000000000e+02 8.663408834763686173e-07
8.240000000000000000e+02 1.261357965631759726e-06
8.260000000000000000e+02 2.346048177059856243e-06
8.280000000000000000e+02 4.023058863822370768e-06
8.300000000000000000e+02 9.687250894785393029e-06
8.320000000000000000e+02 7.654141882085241377e-06
8.340000000000000000e+02 1.238641107192961499e-05
8.360000000000000000e+02 6.417152235371759161e-06
8.380000000000000000e+02 1.463177682126115542e-06
8.400000000000000000e+02 -2.398143124082707800e-06
8.420000000000000000e+02 -5.660869192070094869e-06
8.440000000000000000e+02 -2.772524339889059775e-06
8.460000000000000000e+02 -3.247233280490036123e-06
8.480000000000000000e+02 -2.886979928007349372e-06
8.500000000000000000e+02 -2.958757079341012286e-07
8.520000000000000000e+02 -3.121165264019509777e-06
8.540000000000000000e+02 3.168997864122502506e-06
8.560000000000000000e+02 -1.865479362095356919e-06
8.580000000000000000e+02 8.563688425056170672e-06
8.600000000000000000e+02 4.918656486552208662e-06
8.620000000000000000e+02 4.658103534893598408e-06
8.640000000000000000e+02 4.789165814145235345e-06
8.660000000000000000e+02 2.689033635761006735e-06
8.680000000000000000e+02 2.580763293735799380e-06
8.700000000000000000e+02 8.954958502727095038e-06
8.720000000000000000e+02 6.537268291140208021e-06
8.740000000000000000e+02 -9.289327635997324251e-07
8.760000000000000000e+02 2.880427096840776358e-08
8.780000000000000000e+02 -1.804451699172204826e-06
8.800000000000000000e+02 2.518415840313537046e-06
8.820000000000000000e+02 1.139659389082225971e-06
8.840000000000000000e+02 -7.510320756409782916e-07
8.860000000000000000e+02 7.298941113731416408e-07
8.880000000000000000e+02 6.395349601007183082e-07
8.900000000000000000e+02 2.512011576527584111e-07
8.920000000000000000e+02 5.993730155751109123e-06
8.940000000000000000e+02 2.380420028202934191e-06
8.960000000000000000e+02 -7.720447001702268608e-07
8.980000000000000000e+02 -1.397823552906629629e-06
9.000000000000000000e+02 -4.559648914437275380e-06
9.020000000000000000e+02 -4.374978743726387620e-06
9.040000000000000000e+02 -5.008167590858647600e-06
9.060000000000000000e+02 -6.316950930340681225e-06
9.080000000000000000e+02 -7.150214514695107937e-06
9.100000000000000000e+02 -1.208865069202147424e-05
9.120000000000000000e+02 -1.146778231486678123e-06
9.140000000000000000e+02 2.629337814141763374e-06
9.160000000000000000e+02 1.063405363765923539e-08
9.180000000000000000e+02 -4.607209120877087116e-06
9.200000000000000000e+02 -1.111129108721797820e-06
9.220000000000000000e+02 2.101768075135623803e-07
9.240000000000000000e+02 6.864427177788456902e-06
9.260000000000000000e+02 1.262499426957219839e-05
9.280000000000000000e+02 9.495094673184212297e-06
9.300000000000000000e+02 9.412699000677093863e-06
9.320000000000000000e+02 6.675356416963040829e-06
9.340000000000000000e+02 -4.457998272755503422e-07
9.360000000000000000e+02 -4.135983090236550197e-06
9.380000000000000000e+02 -5.336823051038663834e-06
9.400000000000000000e+02 -6.298584594333078712e-06
9.420000000000000000e+02 -1.163429806183557957e-05
9.440000000000000000e+02 -7.049404757708543912e-06
9.460000000000000000e+02 1.060073600456234999e-06
9.480000000000000000e+02 3.980178007623180747e-06
9.500000000000000000e+02 1.516548763902392238e-05
9.520000000000000000e+02 1.133680416387505829e-05
9.540000000000000000e+02 1.345307646261062473e-05
9.560000000000000000e+02 1.033276384987402707e-05
9.580000000000000000e+02 9.453861821384634823e-06
9.600000000000000000e+02 5.084024451207369566e-06
9.620000000000000000e+02 8.925133442971855402e-06
9.640000000000000000e+02 4.770423856825800613e-06
9.660000000000000000e+02 4.739890755445230752e-06
9.680000000000000000e+02 7.835926112420565914e-07
9.700000000000000000e+02 3.102177970504271798e-06
9.720000000000000000e+02 1.484372319282556418e-06
9.740000000000000000e+02 2.774941776806372218e-06
9.760000000000000000e+02 2.226457127108005807e-06
9.780000000000000000e+02 -4.149848336965078488e-06
9.800000000000000000e+02 -4.637131496565416455e-06
9.820000000000000000e+02 -3.380221187399001792e-06
9.840000000000000000e+02 -8.932653145166113973e-06
9.860000000000000000e+02 -1.188423084386158735e-05
9.880000000000000000e+02 -2.094760702675557695e-06
9.900000000000000000e+02 -2.165671276088687591e-06
9.920000000000000000e+02 -2.344180302316090092e-06
9.940000000000000000e+02 7.486948106816271320e-06
9.960000000000000000e+02 7.056837603158783168e-06
9.980000000000000000e+02 3.093252871622098610e-06
1.000000000000000000e+03 3.314257355668814853e-06
1.002000000000000000e+03 -6.944243978068698198e-06
1.004000000000000000e+03 -8.934755896916612983e-06
1.006000000000000000e+03 -5.959579539194237441e-06
1.008000000000000000e+03 -3.595726866478798911e-06
1.010000000000000000e+03 -1.008084836939815432e-06
1.012000000000000000e+03 -2.859846972569357604e-06
1.014000000000000000e+03 -8.690238246344961226e-06
1.016000000000000000e+03 -7.685872333240695298e-06
1.018000000000000000e+03 -1.151022843259852380e-05
1.020000000000000000e+03 -6.737415333191165701e-06
1.022000000000000000e+03 -2.873247012757929042e-06
1.024000000000000000e+03 -1.903465431496442761e-06
1.026000000000000000e+03 4.705022149664728204e-07
1.028000000000000000e+03 -2.478049509591073729e-06
1.030000000000000000e+03 5.039304369347519241e-07
1.032000000000000000e+03 1.361262434329546522e-06
1.034000000000000000e+03 -5.448565048027376179e-07
1.036000000000000000e+03 -3.264049155404791236e-06
1.038000000000000000e+03 5.328556198946898803e-06
1.040000000000000000e+03 -2.859164396795677021e-06
1.042000000000000000e+03 -6.245505119295557961e-06
1.044000000000000000e+03 -4.973956492904108018e-06
1.046000000000000000e+03 -7.121776661733747460e-07
1.048000000000000000e+03 1.180635536002228037e-06
1.050000000000000000e+03 -1.181125412585970480e-06
1.052000000000000000e+03 -7.366124009422492236e-06
1.054000000000000000e+03 -4.075287051819032058e-06
1.056000000000000000e+03 -8.065949259616900235e-06
1.058000000000000000e+03 -1.468203663534950465e-05
1.060000000000000000e+03 -8.531984349247068167e-06
1.062000000000000000e+03 -5.957915163889992982e-06
1.064000000000000000e+03 -7.087252924975473434e-06
1.066000000000000000e+03 -1.038706432154867798e-05
1.068000000000000000e+03 -7.192578777903690934e-06
1.070000000000000000e+03 -4.256759439158486202e-06
1.072000000000000000e+03 2.675519226613687351e-06
1.074000000000000000e+03 2.955304580609663390e-06
1.076000000000000000e+03 -3.667875262181041762e-06
1.078000000000000000e+03 -1.220936724166676868e-06
1.080000000000000000e+03 1.190599959954852238e-06
1.082000000000000000e+03 6.590284556295955554e-06
1.084000000000000000e+03 3.014108187926467508e-06
1.086000000000000000e+03 6.065466095606097952e-06
1.088000000000000000e+03 5.659382622980047017e-06
1.090000000000000000e+03 3.196994384779827669e-06
1.092000000000000000e+03 3.269263515903730877e-06
1.094000000000000000e+03 2.842334424713044427e-06
1.096000000000000000e+03 2.368478362768655643e-06
1.098000000000000000e+03 6.589847998839104548e-06
1.100000000000000000e+03 -1.202140083478298038e-06
1.102000000000000000e+03 -2.262988800794119015e-06
1.104000000000000000e+03 5.000146074962685816e-07
1.106000000000000000e+03 5.523511390492785722e-06
1.108000000000000000e+03 -7.920845632725104224e-07
1.110000000000000000e+03 -4.058002105011837557e-06
1.112000000000000000e+03 -5.268408131087198853e-06
1.114000000000000000e+03 -8.258062734967097640e-06
1.116000000000000000e+03 -3.211489911336684600e-06
1.118000000000000000e+03 1.510421583361676312e-07
1.120000000000000000e+03 -1.595037929291720502e-06
1.122000000000000000e+03 -3.026329522981541231e-06
1.124000000000000000e+03 -6.099181064200820401e-06
1.126000000000000000e+03 -7.651013220311142504e-06
1.128000000000000000e+03 -2.091198894049739465e-06
1.130000000000000000e+03 -8.715056765140616335e-07
1.132000000000000000e+03 -2.513477056709234603e-06
1.134000000000000000e+03 2.402581230853684247e-06
1.136000000000000000e+03 2.485195636836579069e-06
1.138000000000000000e+03 -5.606249033007770777e-06
1.140000000000000000e+03 -7.924043643470213283e-07
1.142000000000000000e+03 -3.490740709821693599e-07
1.144000000000000000e+03 -1.095722623745132296e-07
1.146000000000000000e+03 -2.238496563222724944e-06
1.148000000000000000e+03 1.134652620748966001e-06
1.150000000000000000e+03 -4.370163878775201738e-06
1.152000000000000000e+03 -1.182109258479613345e-06
1.154000000000000000e+03 -3.993767677457071841e-06
1.156000000000000000e+03 3.092092697443149518e-07
1.158000000000000000e+03 -2.023171418841229752e-06
1.160000000000000000e+03 -9.908642823575064540e-06
1.162000000000000000e+03 -7.234802524180850014e-06
1.164000000000000000e+03 -4.148704647377599031e-06
1.166000000000000000e+03 -2.709605269046733156e-06
1.168000000000000000e+03 -2.842946287273662165e-06
1.170000000000000000e+03 -3.327804733999073505e-06
1.172000000000000000e+03 -1.967429625437944196e-06
1.174000000000000000e+03 -9.086397767532616854e-07
1.176000000000000000e+03 -8.738758197068818845e-07
1.178000000000000000e+03 -5.670614882546942681e-06
1.180000000000000000e+03 -7.136425210774177685e-06
1.182000000000000000e+03 -5.293583853926975280e-06
1.184000000000000000e+03 -1.233472403328050859e-06
1.186000000000000000e+03 -4.028120201837737113e-06
1.188000000000000000e+03 -1.101868974728859030e-06
1.190000000000000000e+03 4.428944976098136976e-06
1.192000000000000000e+03 4.268772954674204811e-06
1.194000000000000000e+03 -4.896202199233812280e-07
1.196000000000000000e+03 -3.743999059224734083e-06
1.198000000000000000e+03 -2.195339675381546840e-06
1.200000000000000000e+03 -4.403287334753258619e-07
1.202000000000000000e+03 6.312509412964573130e-06
1.204000000000000000e+03 9.278437573811970651e-06
1.206000000000000000e+03 8.125096428557299078e-06
1.208000000000000000e+03 8.660547791805583984e-06
1.210000000000000000e+03 5.044156750955153257e-06
1.212000000000000000e+03 2.502993538655573502e-06
1.214000000000000000e+03 4.827304110222030431e-06
1.216000000000000000e+03 1.336401282969745807e-06
1.218000000000000000e+03 3.342558557051233947e-06
1.220000000000000000e+03 -7.627388640685239807e-06
1.222000000000000000e+03 -2.243390554212965071e-06
1.224000000000000000e+03 -4.863114554609637707e-06
1.226000000000000000e+03 -2.479874183336505666e-06
1.228000000000000000e+03 -8.433918083028402179e-06
1.230000000000000000e+03 -4.883672772848512977e-06
1.232000000000000000e+03 -6.166522325656842440e-06
1.234000000000000000e+03 -2.632067341856725307e-10
1.236000000000000000e+03 -2.767080331977922469e-06
1.238000000000000000e+03 3.574364427549880929e-06
1.240000000000000000e+03 2.025336925726151094e-06
1.242000000000000000e+03 -9.074848890122666489e-07
1.244000000000000000e+03 1.757020299919531681e-06
1.246000000000000000e+03 -2.509338798972748918e-07
1.248000000000000000e+03 -1.919678879858111031e-06
1.250000000000000000e+03 -9.687390729595790617e-07
1.252000000000000000e+03 7.666113788218353875e-07
1.254000000000000000e+03 -4.929476745019201189e-06
1.256000000000000000e+03 -3.053059799640323035e-06
1.258000000000000000e+03 -4.344538808709330624e-07
1.260000000000000000e+03 -3.988920525443973020e-06
1.262000000000000000e+03 -4.633719981939066201e-06
1.264000000000000000e+03 1.995038701352314092e-06
1.266000000000000000e+03 1.713035430839227047e-06
1.268000000000000000e+03 -4.419169727043481544e-06
1.270000000000000000e+03 -1.708291677005036036e-07
1.272000000000000000e+03 -3.553589067450957373e-06
1.274000000000000000e+03 1.382858499709982425e-06
1.276000000000000000e+03 -5.274280212574922189e-08
1.278000000000000000e+03 1.349458898403099738e-06
1.280000000000000000e+03 2.882365606637904420e-06
1.282000000000000000e+03 2.159014456992736086e-06
1.284000000000000000e+03 2.740948730206582695e-06
1.286000000000000000e+03 -6.118100941421289463e-07
1.288000000000000000e+03 6.705430678266566247e-06
1.290000000000000000e+03 1.057920871971873567e-05
1.292000000000000000e+03 1.198823156300932169e-05
1.294000000000000000e+03 1.118718500947579741e-05
1.296000000000000000e+03 5.170256372366566211e-06
1.298000000000000000e+03 5.188186150917317718e-06
1.300000000000000000e+03 2.269775222885073163e-06
1.302000000000000000e+03 -3.823303359240526333e-06
1.304000000000000000e+03 2.189441602240549400e-06
1.306000000000000000e+03 4.918135346088092774e-06
1.308000000000000000e+03 4.117880962439812720e-06
1.310000000000000000e+03 5.018650881538633257e-06
1.312000000000000000e+03 1.771144297890714370e-06
1.314000000000000000e+03 -9.368239375362463761e-07
1.316000000000000000e+03 -5.633388809656025842e-06
1.318000000000000000e+03 -3.940456736017949879e-06
1.320000000000000000e+03 -2.229143092336016707e-06
1.322000000000000000e+03 -1.600827090442180634e-06
1.324000000000000000e+03 -4.261338290234562010e-06
1.326000000000000000e+03 1.153749622062605340e-06
1.328000000000000000e+03 4.265385086910100654e-06
1.330000000000000000e+03 4.595870905177434906e-06
1.332000000000000000e+03 1.030145313052344136e-06
1.334000000000000000e+03 4.581913344736676663e-06
1.336000000000000000e+03 8.309674512929632328e-07
1.338000000000000000e+03 1.924142907228088006e-06
1.340000000000000000e+03 8.625795999250840396e-06
1.342000000000000000e+03 6.165740160213317722e-06
1.344000000000000000e+03 8.124716259771957994e-06
1.346000000000000000e+03 4.993537913833279163e-06
1.348000000000000000e+03 6.463532827183371410e-06
1.350000000000000000e+03 2.647176188474986702e-06
1.352000000000000000e+03 4.726425686385482550e-06
1.354000000000000000e+03 1.218255647472687997e-06
1.356000000000000000e+03 -1.054389855426052236e-07
1.358000000000000000e+03 3.748631115740863606e-06
1.360000000000000000e+03 8.812581654638051987e-06
1.362000000000000000e+03 9.544931344862561673e-06
1.364000000000000000e+03 -3.046182200705516152e-06
1.366000000000000000e+03 -2.755534751486266032e-07
1.368000000000000000e+03 -3.820436234036606038e-08
1.370000000000000000e+03 -6.660513463430106640e-06
1.372000000000000000e+03 -9.027431588037870824e-06
1.374000000000000000e+03 -4.821316906600259244e-06
1.376000000000000000e+03 -8.629873263998888433e-06
1.378000000000000000e+03 -9.263303581974469125e-06
1.380000000000000000e+03 -9.280514859710820019e-06
1.382000000000000000e+03 -6.357736310746986419e-06
1.384000000000000000e+03 -1.102519217965891585e-05
1.386000000000000000e+03 -1.561416684126015753e-05
1.388000000000000000e+03 -7.904718586360104382e-06
1.390000000000000000e+03 -1.118027284974232316e-05
1.392000000000000000e+03 -7.771993296046275645e-06
1.394000000000000000e+03 -1.042936673911754042e-05
1.396000000000000000e+03 -1.131198041548486799e-05
1.398000000000000000e+03 -1.170743325928924605e-05
1.400000000000000000e+03 -1.202247403853107244e-05
1.402000000000000000e+03 -1.439062452845973894e-05
1.404000000000000000e+03 -9.206576578435488045e-06
1.406000000000000000e+03 -7.201774224085966125e-06
1.408000000000000000e+03 -6.484868208644911647e-06
1.410000000000000000e+03 -6.163897523947525769e-06
1.412000000000000000e+03 -6.909162038937211037e-06
1.414000000000000000e+03 -4.188807452010223642e-06
1.416000000000000000e+03 1.247470606813294580e-07
1.418000000000000000e+03 -8.174077947842306457e-07
1.420000000000000000e+03 6.962579846003791317e-06
1.422000000000000000e+03 2.309946012246655300e-06
1.424000000000000000e+03 1.101977704820455983e-05
1.426000000000000000e+03 9.812607459025457501e-06
1.428000000000000000e+03 5.043666078563546762e-06
1.430000000000000000e+03 -4.355702003522310406e-06
1.432000000000000000e+03 1.167800519397133030e-06
1.434000000000000000e+03 2.599065055619576015e-06
1.436000000000000000e+03 1.597019718246883713e-06
1.438000000000000000e+03 5.217851139605045319e-06
1.440000000000000000e+03 4.516520675679203123e-06
1.442000000000000000e+03 -1.328944421175037860e-07
1.444000000000000000e+03 -3.795345833168539684e-07
1.446000000000000000e+03 -5.428758413472678512e-06
1.448000000000000000e+03 -5.571404017246095464e-06
1.450000000000000000e+03 -1.314121891482500359e-05
1.452000000000000000e+03 -8.805942343315109611e-06
1.454000000000000000e+03 -1.236485513800289482e-05
1.456000000000000000e+03 -1.054248605214525014e-05
1.458000000000000000e+03 -6.718745225953171030e-06
1.460000000000000000e+03 -9.137495908362325281e-06
1.462000000000000000e+03 -6.386022960214177147e-06
1.464000000000000000e+03 -5.201924068387597799e-06
1.466000000000000000e+03 -6.310891421890119091e-06
1.468000000000000000e+03 -4.122629889025120065e-06
1.470000000000000000e+03 3.729903255589306355e-06
1.472000000000000000e+03 2.725980721152154729e-06
1.474000000000000000e+03 5.963901458017062396e-06
1.476000000000000000e+03 6.878472049720585346e-06
1.478000000000000000e+03 1.259789678442757577e-05
1.480000000000000000e+03 6.252095772651955485e-06
1.482000000000000000e+03 7.644174729648511857e-06
1.484000000000000000e+03 1.046686429617693648e-05
1.486000000000000000e+03 6.710834895784500986e-06
1.488000000000000000e+03 1.541464007459580898e-05
1.490000000000000000e+03 1.078194600268034264e-05
1.492000000000000000e+03 2.078091512203172897e-07
1.494000000000000000e+03 5.773264092567842454e-06
1.496000000000000000e+03 4.156514478381723166e-06
1.498000000000000000e+03 9.624580343370325863e-06
1.500000000000000000e+03 8.186735612980555743e-06
1.502000000000000000e+03 1.439150037185754627e-05
1.504000000000000000e+03 1.560341115691699088e-05
1.506000000000000000e+03 6.650435352639760822e-06
1.508000000000000000e+03 -1.642123379497206770e-06
1.510000000000000000e+03 1.554729692543332931e-06
1.512000000000000000e+03 -7.738331078144256026e-06
1.514000000000000000e+03 -2.770219680314767174e-06
1.516000000000000000e+03 6.385251708707073703e-06
1.518000000000000000e+03 1.556146526127122343e-05
1.520000000000000000e+03 1.390106808685231954e-05
1.522000000000000000e+03 1.106398576666833833e-05
1.524000000000000000e+03 1.239674566022586077e-05
1.526000000000000000e+03 1.312737549596931785e-05
1.528000000000000000e+03 8.319684638991020620e-06
1.530000000000000000e+03 -1.723641958051302936e-06
1.532000000000000000e+03 -1.764197236298059579e-06
1.534000000000000000e+03 -4.330608589953044429e-06
1.536000000000000000e+03 -3.094989779128809460e-06
1.538000000000000000e+03 2.436013573969830759e-06
1.540000000000000000e+03 3.252803026043693535e-06
1.542000000000000000e+03 2.667022727109724656e-06
1.544000000000000000e+03 3.658331479527987540e-06
1.546000000000000000e+03 -6.240653647182625718e-07
1.548000000000000000e+03 -2.560624125180765986e-06
1.550000000000000000e+03 2.277869953104527667e-06
1.552000000000000000e+03 5.388961653807200491e-06
1.554000000000000000e+03 4.389443347463384271e-06
1.556000000000000000e+03 1.087254804588155821e-05
1.558000000000000000e+03 1.083955157810123637e-05
1.560000000000000000e+03 6.350706826196983457e-06
1.562000000000000000e+03 5.779024832008872181e-06
1.564000000000000000e+03 2.475631390552734956e-06
1.566000000000000000e+03 8.730819899938069284e-06
1.568000000000000000e+03 9.931669410434551537e-06
1.570000000000000000e+03 1.366233027511043474e-05
1.572000000000000000e+03 8.004066330613568425e-06
1.574000000000000000e+03 -3.817040692410955671e-07
1.576000000000000000e+03 -7.975505468493793160e-06
1.578000000000000000e+03 -1.574284397065639496e-06
1.580000000000000000e+03 1.804735802579671144e-06
1.582000000000000000e+03 9.067654218597454019e-07
1.584000000000000000e+03 6.085678251110948622e-06
1.586000000000000000e+03 1.531840825919061899e-05
1.588000000000000000e+03 6.507967100333189592e-06
1.590000000000000000e+03 -2.856758328562136739e-06
1.592000000000000000e+03 1.383398398502322379e-06
1.594000000000000000e+03 -2.665890860953368247e-06
1.596000000000000000e+03 -5.461469299916643649e-06
1.598000000000000000e+03 -4.709319000539835542e-06
1.600000000000000000e+03 -3.241000058551435359e-06
1.602000000000000000e+03 -5.778604190709302202e-06
1.604000000000000000e+03 -7.126686341507593170e-06
1.606000000000000000e+03 -8.886063369573093951e-06
1.608000000000000000e+03 -4.971500857209321111e-06
1.610000000000000000e+03 -2.409628450550371781e-06
1.612000000000000000e+03 -6.409215075109386817e-06
1.614000000000000000e+03 -8.457772310066502541e-06
1.616000000000000000e+03 -5.748102012148592621e-06
1.618000000000000000e+03 -4.480840743781300262e-06
1.620000000000000000e+03 4.842926273340708576e-07
1.622000000000000000e+03 -3.346529410919174552e-06
1.624000000000000000e+03 3.183061608069692738e-06
1.626000000000000000e+03 4.830004399991594255e-06
1.628000000000000000e+03 4.247383003530558199e-06
1.630000000000000000e+03 3.518256107781780884e-06
1.632000000000000000e+03 -2.835584155036485754e-06
1.634000000000000000e+03 8.731877869649906643e-07
1.636000000000000000e+03 4.700514637079322711e-06
1.638000000000000000e+03 4.031885964650427923e-06
1.640000000000000000e+03 -7.743876267340965569e-06
1.642000000000000000e+03 -2.039972969214431942e-06
1.644000000000000000e+03 -5.082686129753710702e-06
1.646000000000000000e+03 -6.156528797873761505e-06
1.648000000000000000e+03 -9.712561222841031849e-06
1.650000000000000000e+03 -7.641014235559850931e-06
1.652000000000000000e+03 -6.402363851520931348e-06
1.654000000000000000e+03 4.962178081768797711e-07
1.656000000000000000e+03 -1.385740461046225391e-06
1.658000000000000000e+03 5.536957360163796693e-06
1.660000000000000000e+03 6.969062269490677863e-06
1.662000000000000000e+03 6.155481059977319092e-06
1.664000000000000000e+03 -2.387227596045704558e-06
1.666000000000000000e+03 1.753785568325838540e-06
1.668000000000000000e+03 -5.495762252394342795e-06
1.670000000000000000e+03 -2.094617457260028459e-06
1.672000000000000000e+03 -1.137713752541458234e-05
1.674000000000000000e+03 -8.653338227304629982e-06
1.676000000000000000e+03 -6.278586624830495566e-06
1.678000000000000000e+03 -5.623575361823895946e-06
1.680000000000000000e+03 -3.026382501047919504e-06
1.682000000000000000e+03 -1.094686581382120494e-06
1.684000000000000000e+03 4.632763648260151967e-06
1.686000000000000000e+03 4.953640768690092955e-07
1.688000000000000000e+03 2.253735146950930357e-06
1.690000000000000000e+03 -5.343854354578070343e-06
1.692000000000000000e+03 -6.575423867616336793e-06
1.694000000000000000e+03 -4.562807134789181873e-06
1.696000000000000000e+03 1.259200530512316618e-06
1.698000000000000000e+03 -3.155594868076150306e-06
1.700000000000000000e+03 -4.366421308077406138e-06
1.702000000000000000e+03 4.582047495205188170e-06
1.704000000000000000e+03 1.247360387424123473e-06
1.706000000000000000e+03 1.879402589111123234e-06
1.708000000000000000e+03 9.870019539448549040e-07
1.710000000000000000e+03 7.514946446463000029e-06
1.712000000000000000e+03 8.045243703236337751e-06
1.714000000000000000e+03 5.267091182759031653e-06
1.716000000000000000e+03 2.041542302322341129e-06
1.718000000000000000e+03 -3.627386149673839100e-06
1.720000000000000000e+03 -3.553747092155390419e-07
1.722000000000000000e+03 -3.330808340251678601e-06
1.724000000000000000e+03 -7.244175321829970926e-06
1.726000000000000000e+03 -1.488535758653597441e-06
1.728000000000000000e+03 -1.047488331096246839e-05
1.730000000000000000e+03 -4.246347089065238833e-06
1.732000000000000000e+03 -4.775812158186454326e-06
1.734000000000000000e+03 -6.846902579127345234e-06
1.736000000000000000e+03 -4.645716217055451125e-06
1.738000000000000000e+03 -2.777940835585468449e-06
1.740000000000000000e+03 -3.016330367699993076e-07
1.742000000000000000e+03 -1.715339408292493317e-06
1.744000000000000000e+03 -4.777739832206862047e-06
1.746000000000000000e+03 -4.281222061308653792e-07
1.748000000000000000e+03 -7.723673661530483514e-06
1.750000000000000000e+03 -8.951856216299347579e-06
1.752000000000000000e+03 -7.911803550086915493e-06
1.754000000000000000e+03 -9.185569069813936949e-06
1.756000000000000000e+03 4.065911980433156714e-06
1.758000000000000000e+03 1.752080265760014299e-06
1.760000000000000000e+03 2.421247927486547269e-06
1.762000000000000000e+03 -5.413804728959803469e-07
1.764000000000000000e+03 -9.471226576351909898e-07
1.766000000000000000e+03 5.520186277863103896e-06
1.768000000000000000e+03 2.550861154304584488e-06
1.770000000000000000e+03 6.369957645802060142e-06
1.772000000000000000e+03 1.256074574484955519e-05
1.774000000000000000e+03 2.626664468152739573e-07
1.776000000000000000e+03 -1.091051035473356023e-05
1.778000000000000000e+03 -1.142110340879298747e-05
1.780000000000000000e+03 -3.849980657832929865e-06
1.782000000000000000e+03 2.182005573558853939e-06
1.784000000000000000e+03 -2.008239107453846373e-06
1.786000000000000000e+03 -3.353436113684438169e-06
1.788000000000000000e+03 -9.247080924978945404e-06
1.790000000000000000e+03 -4.837227152165723965e-06
1.792000000000000000e+03 -6.138149615253496449e-07
1.794000000000000000e+03 -4.861487923335516825e-06
1.796000000000000000e+03 -3.980124802183127031e-06
1.798000000000000000e+03 -1.084192604139389005e-06
1.800000000000000000e+03 -6.385397455233032815e-07
1.802000000000000000e+03 7.291381280083442107e-06
1.804000000000000000e+03 1.132621218857821077e-05
1.806000000000000000e+03 4.606420134223299101e-06
1.808000000000000000e+03 9.520123057882301509e-06
1.810000000000000000e+03 1.313339271291624755e-05
1.812000000000000000e+03 1.247906220669392496e-05
1.814000000000000000e+03 6.906263479322660714e-06
1.816000000000000000e+03 9.614296686777379364e-06
1.818000000000000000e+03 5.938487447565421462e-06
1.820000000000000000e+03 8.025981514947488904e-06
1.822000000000000000e+03 9.137713277596049011e-06
1.824000000000000000e+03 6.981417300266912207e-06
1.826000000000000000e+03 1.015576981444610283e-05
1.828000000000000000e+03 1.599934330442920327e-05
1.830000000000000000e+03 1.398926724505145103e-05
1.832000000000000000e+03 1.556813003844581544e-05
1.834000000000000000e+03 5.364237040339503437e-06
1.836000000000000000e+03 -1.143895588029408827e-06
1.838000000000000000e+03 3.616275307649630122e-06
1.840000000000000000e+03 3.571703928173519671e-06
1.842000000000000000e+03 8.651897587697021663e-06
1.844000000000000000e+03 1.013165820040740073e-05
1.846000000000000000e+03 2.736019723670324311e-06
1.848000000000000000e+03 1.339690356871869881e-06
1.850000000000000000e+03 3.279730663052760065e-06
1.852000000000000000e+03 4.762015578307909891e-06
1.854000000000000000e+03 1.468193931941641495e-05
1.856000000000000000e+03 6.708103228447725996e-06
1.858000000000000000e+03 5.971457539999391884e-06
1.860000000000000000e+03 5.208645234233699739e-06
1.862000000000000000e+03 1.021341813611797988e-05
1.864000000000000000e+03 1.157506812887731940e-05
1.866000000000000000e+03 7.512870070058852434e-06
1.868000000000000000e+03 6.135276635177433491e-06
1.870000000000000000e+03 -2.046459030680125579e-06
1.872000000000000000e+03 -4.142867510381620377e-06
1.874000000000000000e+03 -6.822506293246988207e-06
1.876000000000000000e+03 -1.190793454952654429e-06
1.878000000000000000e+03 6.885944458190351725e-06
1.880000000000000000e+03 8.029315722524188459e-06
1.882000000000000000e+03 5.058518127043498680e-06
1.884000000000000000e+03 5.440511813503690064e-06
1.886000000000000000e+03 3.653648263934883289e-06
1.888000000000000000e+03 -2.181014224333921447e-06
1.890000000000000000e+03 9.605075774743454531e-07
1.892000000000000000e+03 -5.133755962560826447e-07
1.894000000000000000e+03 -4.043728495162213221e-06
1.896000000000000000e+03 -5.153317033546045423e-06
1.898000000000000000e+03 -7.541370905528310686e-06
1.900000000000000000e+03 -8.882770998752675951e-06
1.902000000000000000e+03 -8.713582246855366975e-06
1.904000000000000000e+03 -1.882503738670493476e-06
1.906000000000000000e+03 -9.639086329116253182e-07
1.908000000000000000e+03 -7.718159395153634250e-06
1.910000000000000000e+03 -6.953951924515422434e-06
1.912000000000000000e+03 -3.899026978615438566e-06
1.914000000000000000e+03 3.526595264702336863e-06
1.916000000000000000e+03 -2.281480647070566192e-06
1.918000000000000000e+03 3.183342869306216016e-06
1.920000000000000000e+03 -7.682553473387088161e-07
1.922000000000000000e+03 -3.839028977381531149e-06
1.924000000000000000e+03 -9.535580147712607868e-08
1.926000000000000000e+03 3.359644438205577899e-07
1.928000000000000000e+03 -6.274062798183877021e-07
1.930000000000000000e+03 -3.518900030030636117e-06
1.932000000000000000e+03 -2.381294052611337975e-06
1.934000000000000000e+03 1.719513193165767007e-06
1.936000000000000000e+03 -2.568599938967963681e-06
1.938000000000000000e+03 -6.324727110040839761e-06
1.940000000000000000e+03 -4.407997039379552007e-06
1.942000000000000000e+03 -1.379190734951407649e-06
1.944000000000000000e+03 -1.629340431463788263e-06
1.946000000000000000e+03 -3.704678647409309633e-06
1.948000000000000000e+03 -1.457249368286284152e-06
1.950000000000000000e+03 2.081504817397217266e-06
1.952000000000000000e+03 -2.699839569686446339e-06
1.954000000000000000e+03 -6.892984856676775962e-06
1.956000000000000000e+03 -5.544927716982783750e-06
1.958000000000000000e+03 -2.086375587850852753e-07
1.960000000000000000e+03 -1.710817514322116040e-07
1.962000000000000000e+03 3.785471108130877838e-06
1.964000000000000000e+03 8.594667633587960154e-06
1.966000000000000000e+03 3.352849716975470074e-06
1.968000000000000000e+03 -2.418297754047671333e-06
1.970000000000000000e+03 7.650329507669084705e-07
1.972000000000000000e+03 -2.818409029714530334e-06
1.974000000000000000e+03 7.545064818259561434e-06
1.976000000000000000e+03 3.958995762332051527e-07
1.978000000000000000e+03 -1.004309751806431450e-06
1.980000000000000000e+03 -6.096601282479241490e-06
1.982000000000000000e+03 -3.850791927106911317e-06
1.984000000000000000e+03 -3.298309366073226556e-06
1.986000000000000000e+03 9.505726666247937828e-06
1.988000000000000000e+03 1.197034998767776415e-05
1.990000000000000000e+03 1.608244565431959927e-05
1.992000000000000000e+03 1.202000839839456603e-05
1.994000000000000000e+03 1.676049214438535273e-05
1.996000000000000000e+03 1.369624351355014369e-05
1.998000000000000000e+03 1.103856629924848676e-05
