0.000000000000000000e+00 1.564337131695283434e+00
2.498750624687656057e+02 1.784068444715837698e+00
4.997501249375312113e+02 2.005435363670516669e+00
7.496251874062968454e+02 2.121189549772914518e+00
9.995002498750624227e+02 1.737575789030683104e+00
1.249375312343828227e+03 1.921993079605612831e+00
1.499250374812593691e+03 2.307784039284715316e+00
1.749125437281359154e+03 2.393769686539390928e+00
1.999000499750124845e+03 1.721785252754980622e+00
2.248875562218890536e+03 1.753867576418695506e+00
2.498750624687656455e+03 1.801874642004410942e+00
2.748625687156421463e+03 2.319803504651066994e+00
2.998500749625187382e+03 2.057100219877552760e+00
3.248375812093953300e+03 2.404087237305017943e+00
3.498250874562718309e+03 2.402809578619268471e+00
3.748125937031484227e+03 2.180996865354324576e+00
3.998000999500249691e+03 2.013435546849617896e+00
4.247876061969015609e+03 2.637884239128046371e+00
4.497751124437781073e+03 2.290156524404840521e+00
4.747626186906546536e+03 2.569053194998506040e+00
4.997501249375312909e+03 2.531266023142239252e+00
5.247376311844078373e+03 2.328497947369623677e+00
5.497251374312842927e+03 2.353290253035807300e+00
5.747126436781609300e+03 2.355476279484105540e+00
5.997001499250374764e+03 2.339392081633663523e+00
6.246876561719140227e+03 2.759075314833031811e+00
6.496751624187906600e+03 2.458570121610123227e+00
6.746626686656671154e+03 3.073354515421734323e+00
6.996501749125436618e+03 3.360046745199031015e+00
7.246376811594202991e+03 2.823639038210402408e+00
7.496251874062968454e+03 2.869326140781191192e+00
7.746126936531734827e+03 4.290674453865261029e+00
7.996001999000499382e+03 3.107277504155385284e+00
8.245877061469265755e+03 2.441628145373604397e+00
8.495752123938031218e+03 2.640475960178512604e+00
8.745627186406796682e+03 2.914296411079253524e+00
8.995502248875562145e+03 2.754562246094332867e+00
9.245377311344327609e+03 2.797131369227026543e+00
9.495252373813093072e+03 3.177767278421157915e+00
9.745127436281858536e+03 2.060205490146321150e+00
9.995002498750625819e+03 2.394088309405342230e+00
1.024487756121939128e+04 2.225650323426713761e+00
1.049475262368815675e+04 2.512817843703791354e+00
1.074462768615692221e+04 2.848177266349682935e+00
1.099450274862568585e+04 2.809734656569728095e+00
1.124437781109445132e+04 3.066642450707689704e+00
1.149425287356321860e+04 2.924009095070161823e+00
1.174412793603198406e+04 3.937049601759262885e+00
1.199400299850074953e+04 4.218399708984113872e+00
1.224387806096951499e+04 2.975514410752629235e+00
1.249375312343828045e+04 3.479694955183470384e+00
1.274362818590704774e+04 2.998591709869439903e+00
1.299350324837581320e+04 2.528348352891630402e+00
1.324337831084457866e+04 2.897500779142955007e+00
1.349325337331334231e+04 2.835659813290533293e+00
1.374312843578210777e+04 2.932348272127840882e+00
1.399300349825087324e+04 3.047572888216295794e+00
1.424287856071964052e+04 3.528818272921415922e+00
1.449275362318840598e+04 2.792754726762066042e+00
1.474262868565717145e+04 3.275679347560561894e+00
1.499250374812593691e+04 2.641646463626421859e+00
1.524237881059470237e+04 2.751536571723911528e+00
1.549225387306346965e+04 2.742650974681039244e+00
1.574212893553223330e+04 3.034106030807248278e+00
1.599200399800099876e+04 3.457012515319735080e+00
1.624187906046976423e+04 3.339668495069706644e+00
1.649175412293853151e+04 3.395714402879665972e+00
1.674162918540729879e+04 3.098977516264879828e+00
1.699150424787606244e+04 3.061186050916977042e+00
1.724137931034482608e+04 2.860250690089037651e+00
1.749125437281359336e+04 3.568492809108416264e+00
1.774112943528236065e+04 3.907084730423231012e+00
1.799100449775112429e+04 4.074581463678923043e+00
1.824087956021989157e+04 4.080135798562369409e+00
1.849075462268865522e+04 4.273746509219237488e+00
1.874062968515742250e+04 3.727892412836569136e+00
1.899050474762618614e+04 3.406702431596722480e+00
1.924037981009495343e+04 4.397935935189898338e+00
1.949025487256371707e+04 5.366004502888748640e+00
1.974012993503248072e+04 4.737439114660584316e+00
1.999000499750125164e+04 5.202401594664884499e+00
2.023988005997001528e+04 4.733395946003043697e+00
2.048975512243878256e+04 3.726699695866653173e+00
2.073963018490754621e+04 5.010099722237577602e+00
2.098950524737631349e+04 4.688274359803710212e+00
2.123938030984507714e+04 5.368667671491078153e+00
2.148925537231384442e+04 5.159198129453882231e+00
2.173913043478260806e+04 3.309793405371855624e+00
2.198900549725137171e+04 3.536080615093526447e+00
2.223888055972013899e+04 3.949042681607055183e+00
2.248875562218890263e+04 3.797377448838471725e+00
2.273863068465767356e+04 4.060675414139935491e+00
2.298850574712643720e+04 4.511691115850040568e+00
2.323838080959520448e+04 4.492332486838128247e+00
2.348825587206396813e+04 4.350563018926364656e+00
2.373813093453273541e+04 4.720225762199931729e+00
2.398800599700149905e+04 5.483007031232326689e+00
2.423788105947026270e+04 3.896000625563980080e+00
2.448775612193902998e+04 4.077364667937100506e+00
2.473763118440779363e+04 4.921090932725589617e+00
2.498750624687656091e+04 4.956939370664313671e+00
2.523738130934532455e+04 5.864765079955000182e+00
2.548725637181409547e+04 4.955528880776327583e+00
2.573713143428285912e+04 3.883924493196456496e+00
2.598700649675162640e+04 3.911143608458569787e+00
2.623688155922039005e+04 4.064055519077542478e+00
2.648675662168915733e+04 3.577193484588499839e+00
2.673663168415792097e+04 3.598784962440007895e+00
2.698650674662668462e+04 3.709667568480462752e+00
2.723638180909545190e+04 3.655792294570849865e+00
2.748625687156421554e+04 3.600183521270999609e+00
2.773613193403298283e+04 3.290628229402951632e+00
2.798600699650174647e+04 3.694280616947050344e+00
2.823588205897051739e+04 4.606120886135781411e+00
2.848575712143928104e+04 4.168745056093001722e+00
2.873563218390804832e+04 3.482806173055914556e+00
2.898550724637681196e+04 3.583998807630873973e+00
2.923538230884557561e+04 3.341572836174605765e+00
2.948525737131434289e+04 4.007723297043776611e+00
2.973513243378310653e+04 4.022802140702933293e+00
2.998500749625187382e+04 3.273327803832038363e+00
3.023488255872063746e+04 3.569551018201543524e+00
3.048475762118940474e+04 3.933639453429500943e+00
3.073463268365817203e+04 3.749785094625690096e+00
3.098450774612693931e+04 3.685330272631472059e+00
3.123438280859570295e+04 3.526224725535779037e+00
3.148425787106446660e+04 3.656196160009299589e+00
3.173413293353323388e+04 3.595736627929404072e+00
3.198400799600199753e+04 4.584634158963249995e+00
3.223388305847076481e+04 4.630012130985864616e+00
3.248375812093952845e+04 4.118432099893844622e+00
3.273363318340829574e+04 3.343567067279564764e+00
3.298350824587706302e+04 3.652267655512243749e+00
3.323338330834582302e+04 3.639883980122121887e+00
3.348325837081459758e+04 3.856652303350946553e+00
3.373313343328335759e+04 3.504434620865132466e+00
3.398300849575212487e+04 3.675553393623246290e+00
3.423288355822089216e+04 3.389428919190652145e+00
3.448275862068965216e+04 3.896062086656224555e+00
3.473263368315842672e+04 3.769200232340097934e+00
3.498250874562718673e+04 4.258732133381332829e+00
3.523238380809595401e+04 4.092537026694188285e+00
3.548225887056472129e+04 4.947292449201502684e+00
3.573213393303348857e+04 5.272786307384311755e+00
3.598200899550224858e+04 4.136930173104292230e+00
3.623188405797101586e+04 4.340900709386945167e+00
3.648175912043978315e+04 6.368351056284168088e+00
3.673163418290854315e+04 4.691774906851617466e+00
3.698150924537731044e+04 4.889071513482021736e+00
3.723138430784607772e+04 4.540427947769822836e+00
3.748125937031484500e+04 4.673472567713420567e+00
3.773113443278360501e+04 4.891799594154682573e+00
3.798100949525237229e+04 4.367349984456809331e+00
3.823088455772113957e+04 4.958987322346339432e+00
3.848075962018990685e+04 4.061376377502496027e+00
3.873063468265866686e+04 3.664171080237528244e+00
3.898050974512743414e+04 5.106202200185848028e+00
3.923038480759620143e+04 4.272908024377925607e+00
3.948025987006496143e+04 4.629123145140874307e+00
3.973013493253372872e+04 4.958899572032051672e+00
3.998000999500250327e+04 6.241533519549556708e+00
4.022988505747127056e+04 4.724078701063459285e+00
4.047976011994003056e+04 5.400662524031247358e+00
4.072963518240879785e+04 5.225275865483911097e+00
4.097951024487756513e+04 4.716222388969134371e+00
4.122938530734632513e+04 5.011496736670276064e+00
4.147926036981509242e+04 5.185909614080300933e+00
4.172913543228385970e+04 4.261321911816750685e+00
4.197901049475262698e+04 4.585092033956549962e+00
4.222888555722138699e+04 4.677191550845123835e+00
4.247876061969015427e+04 5.100231536043362546e+00
4.272863568215892155e+04 4.980510909712463352e+00
4.297851074462768884e+04 4.124227787930969669e+00
4.322838580709644884e+04 3.999341104314694029e+00
4.347826086956521613e+04 4.424152648957231371e+00
4.372813593203398341e+04 4.046839156939212145e+00
4.397801099450274342e+04 4.278640545517171212e+00
4.422788605697151070e+04 4.352073944422281571e+00
4.447776111944027798e+04 4.556060977094027464e+00
4.472763618190904526e+04 4.639044786174263635e+00
4.497751124437780527e+04 4.464117542957638740e+00
4.522738630684657255e+04 4.630329125215459030e+00
4.547726136931534711e+04 4.675556403873692091e+00
4.572713643178411439e+04 4.490212591885692106e+00
4.597701149425287440e+04 4.543905566373040550e+00
4.622688655672164168e+04 4.435328987337153528e+00
4.647676161919040896e+04 5.048076782959277864e+00
4.672663668165916897e+04 4.250994235756121675e+00
4.697651174412793625e+04 4.883686783927046804e+00
4.722638680659670354e+04 3.881033428542055130e+00
4.747626186906547082e+04 5.133673428266641636e+00
4.772613693153423083e+04 6.044937696943236460e+00
4.797601199400299811e+04 5.241187624576964410e+00
4.822588705647176539e+04 5.119128929249789905e+00
4.847576211894052540e+04 4.781037205841035309e+00
4.872563718140929268e+04 4.526017025266074967e+00
4.897551224387805996e+04 5.064036183032998295e+00
4.922538730634682724e+04 4.480398767037689467e+00
4.947526236881558725e+04 4.304286989395810892e+00
4.972513743128435453e+04 4.252381752756014599e+00
4.997501249375312182e+04 4.116344157985820651e+00
5.022488755622188910e+04 4.819565076632778222e+00
5.047476261869064911e+04 5.651974659754367636e+00
5.072463768115942366e+04 5.156168929584135086e+00
5.097451274362819095e+04 5.703609196657053459e+00
5.122438780609695095e+04 5.027889631751613742e+00
5.147426286856571824e+04 5.383287579113477328e+00
5.172413793103448552e+04 5.730999976946893781e+00
5.197401299350325280e+04 5.478661881303462877e+00
5.222388805597201281e+04 4.696537913435142819e+00
5.247376311844078009e+04 5.396960167579669232e+00
5.272363818090954737e+04 4.837358301593880583e+00
5.297351324337831466e+04 4.659479206059957690e+00
5.322338830584707466e+04 4.606522630396958640e+00
5.347326336831584194e+04 5.227891764284512632e+00
5.372313843078460923e+04 5.187693279897067633e+00
5.397301349325336923e+04 6.159785784790886787e+00
5.422288855572213652e+04 5.524230791935141660e+00
5.447276361819090380e+04 5.122664009909371430e+00
5.472263868065967108e+04 5.474397404009063273e+00
5.497251374312843109e+04 4.583349874652369316e+00
5.522238880559719837e+04 4.622292571499101221e+00
5.547226386806596565e+04 4.278780266516398534e+00
5.572213893053472566e+04 5.197746100511452028e+00
5.597201399300349294e+04 5.280677128082386318e+00
5.622188905547226750e+04 4.986986697167219873e+00
5.647176411794103478e+04 5.651639533588495468e+00
5.672163918040979479e+04 5.476266640624317006e+00
5.697151424287856207e+04 5.062822333292698040e+00
5.722138930534732935e+04 5.498332594515019878e+00
5.747126436781609664e+04 5.280120912176354153e+00
5.772113943028485664e+04 4.200056295954432528e+00
5.797101449275362393e+04 4.704567380574738777e+00
5.822088955522239121e+04 4.977820946690077797e+00
5.847076461769115122e+04 5.463673712822575190e+00
5.872063968015991850e+04 5.265576487164888242e+00
5.897051474262868578e+04 5.515298613756942636e+00
5.922038980509745306e+04 5.241776438300972174e+00
5.947026486756621307e+04 5.318494632874465999e+00
5.972013993003498035e+04 4.256847302192136695e+00
5.997001499250374764e+04 4.329589320235613492e+00
6.021989005497251492e+04 4.812086187248023172e+00
6.046976511744127492e+04 5.935142064094185876e+00
6.071964017991004221e+04 5.302407867622026316e+00
6.096951524237880949e+04 4.697872637393564865e+00
6.121939030484756950e+04 4.768559865832083133e+00
6.146926536731634405e+04 4.756371977954723107e+00
6.171914042978511134e+04 5.405670203068937418e+00
6.196901549225387862e+04 4.999544856385698566e+00
6.221889055472263863e+04 5.226233432768013110e+00
6.246876561719140591e+04 5.129641483629537646e+00
6.271864067966017319e+04 4.688333665755012980e+00
6.296851574212893320e+04 4.557449564976937317e+00
6.321839080459770048e+04 5.021231154500145344e+00
6.346826586706646776e+04 4.870901288517092809e+00
6.371814092953523505e+04 5.344907520443866744e+00
6.396801599200399505e+04 5.124349665327486925e+00
6.421789105447276233e+04 4.701001393646420112e+00
6.446776611694152962e+04 5.206675991471684917e+00
6.471764117941029690e+04 5.631190745541001519e+00
6.496751624187905691e+04 5.431153605249365413e+00
6.521739130434782419e+04 5.707329915183770197e+00
6.546726636681659147e+04 5.119816381472816147e+00
6.571714142928535875e+04 5.116861592637910405e+00
6.596701649175412604e+04 4.527145864206541859e+00
6.621689155422287877e+04 5.764618827974967274e+00
6.646676661669164605e+04 5.135759018962544609e+00
6.671664167916042788e+04 5.279206687806718534e+00
6.696651674162919517e+04 5.012912910389977661e+00
6.721639180409794790e+04 5.529532349925845303e+00
6.746626686656671518e+04 4.935483703796052168e+00
6.771614192903548246e+04 4.745169619360231295e+00
6.796601699150424975e+04 4.859199479344168182e+00
6.821589205397301703e+04 4.797165459024076206e+00
6.846576711644178431e+04 5.051045304368841471e+00
6.871564217891055159e+04 5.305263527318705208e+00
6.896551724137930432e+04 5.387749049293057091e+00
6.921539230384807161e+04 5.328291762934272313e+00
6.946526736631685344e+04 5.068335559505444898e+00
6.971514242878562072e+04 5.149742412325109875e+00
6.996501749125437345e+04 5.682114731782025530e+00
7.021489255372314074e+04 5.842858573975259873e+00
7.046476761619190802e+04 6.206923445298083486e+00
7.071464267866067530e+04 6.130908255858794398e+00
7.096451774112944258e+04 5.545955098045361353e+00
7.121439280359820987e+04 5.570260665657990273e+00
7.146426786606697715e+04 6.082958849527795309e+00
7.171414292853572988e+04 5.996863729085830208e+00
7.196401799100449716e+04 5.373931817660648314e+00
7.221389305347326444e+04 5.708746901457093514e+00
7.246376811594203173e+04 5.172002682417037533e+00
7.271364317841079901e+04 4.823290599589425298e+00
7.296351824087956629e+04 5.526009760871000154e+00
7.321339330334833357e+04 6.278968801544428935e+00
7.346326836581708631e+04 5.785738482826094931e+00
7.371314342828585359e+04 6.414423914609517219e+00
7.396301849075462087e+04 6.846845563845699090e+00
7.421289355322338815e+04 6.589599315764432141e+00
7.446276861569215544e+04 6.739288835277405632e+00
7.471264367816092272e+04 7.361767721889940219e+00
7.496251874062969000e+04 6.148413056256459619e+00
7.521239380309844273e+04 5.545892740528723941e+00
7.546226886556721001e+04 5.642169376204624776e+00
7.571214392803597730e+04 6.775617412612640500e+00
7.596201899050474458e+04 6.673845766939292545e+00
7.621189405297351186e+04 7.736162546504399273e+00
7.646176911544227914e+04 7.935368951488467992e+00
7.671164417791104643e+04 5.818617953545458299e+00
7.696151924037981371e+04 6.025279167242731937e+00
7.721139430284856644e+04 7.758047611904261842e+00
7.746126936531733372e+04 6.169116141178734303e+00
7.771114442778610101e+04 6.422697134422427290e+00
7.796101949025486829e+04 7.013671216896844030e+00
7.821089455272363557e+04 6.686147693104884659e+00
7.846076961519240285e+04 6.595607936404964455e+00
7.871064467766117014e+04 7.225609718976730100e+00
7.896051974012992287e+04 5.723015331256705807e+00
7.921039480259869015e+04 7.122866320527616146e+00
7.946026986506745743e+04 8.326182887561508039e+00
7.971014492753622471e+04 8.892348307895337811e+00
7.996001999000500655e+04 7.907632815585089681e+00
8.020989505247377383e+04 6.734533053357878885e+00
8.045977011494254111e+04 6.773885472933586449e+00
8.070964517741129384e+04 6.723455860466379441e+00
8.095952023988006113e+04 6.567511113216894181e+00
8.120939530234882841e+04 7.197798180922454492e+00
8.145927036481759569e+04 7.071622624359792830e+00
8.170914542728636297e+04 6.494944197201640179e+00
8.195902048975513026e+04 6.960465520958298846e+00
8.220889555222389754e+04 5.810415330462653571e+00
8.245877061469265027e+04 6.676019494875761850e+00
8.270864567716141755e+04 6.433804391206526141e+00
8.295852073963018483e+04 6.748093676962606757e+00
8.320839580209895212e+04 6.024646503260647989e+00
8.345827086456771940e+04 5.887978401137068829e+00
8.370814592703648668e+04 5.256767369237393517e+00
8.395802098950525397e+04 5.634073779915405034e+00
8.420789605197402125e+04 6.524493819946903805e+00
8.445777111444277398e+04 6.411483633430332674e+00
8.470764617691154126e+04 6.332905293041751094e+00
8.495752123938030854e+04 6.811763954292918477e+00
8.520739630184907583e+04 6.607793921486315725e+00
8.545727136431784311e+04 7.096595136885214927e+00
8.570714642678661039e+04 6.237478999644953781e+00
8.595702148925537767e+04 5.700516633372193276e+00
8.620689655172413040e+04 6.596599324754779836e+00
8.645677161419289769e+04 5.874898730788673085e+00
8.670664667666166497e+04 5.580691475442983496e+00
8.695652173913043225e+04 6.410830069607876602e+00
8.720639680159919953e+04 6.653152875405654143e+00
8.745627186406796682e+04 6.266455359340720399e+00
8.770614692653673410e+04 6.088600844734912698e+00
8.795602198900548683e+04 6.160654211897467647e+00
8.820589705147425411e+04 5.927196357860822218e+00
8.845577211394302140e+04 6.747550748873017312e+00
8.870564717641178868e+04 5.679110560053465484e+00
8.895552223888055596e+04 7.804878222805202270e+00
8.920539730134932324e+04 8.273557802936235106e+00
8.945527236381809053e+04 7.147716684622412942e+00
8.970514742628684326e+04 7.254218871693495885e+00
8.995502248875561054e+04 6.370666035528290472e+00
9.020489755122437782e+04 5.703225629682092013e+00
9.045477261369314510e+04 6.438819066147491554e+00
9.070464767616192694e+04 5.972807975124647228e+00
9.095452273863069422e+04 6.953497323157283638e+00
9.120439780109946150e+04 6.357018891147039774e+00
9.145427286356822879e+04 6.327645953334338991e+00
9.170414792603698152e+04 5.477162176031677987e+00
9.195402298850574880e+04 5.378988619015275141e+00
9.220389805097451608e+04 5.680600806389893620e+00
9.245377311344328336e+04 5.962440983419676321e+00
9.270364817591205065e+04 6.482722640417691196e+00
9.295352323838081793e+04 7.017374207249716278e+00
9.320339830084958521e+04 6.113729503542657540e+00
9.345327336331833794e+04 6.434106358605558462e+00
9.370314842578710523e+04 6.414675025091381322e+00
9.395302348825587251e+04 7.274774630704996525e+00
9.420289855072463979e+04 7.096882707224186682e+00
9.445277361319340707e+04 5.832473316531489260e+00
9.470264867566217436e+04 5.851868926017899319e+00
9.495252373813094164e+04 5.502850495138622122e+00
9.520239880059969437e+04 4.980997041750311105e+00
9.545227386306846165e+04 5.749228557601870016e+00
9.570214892553722893e+04 5.527814775667555303e+00
9.595202398800599622e+04 5.354710113351846879e+00
9.620189905047476350e+04 5.489175525611588391e+00
9.645177411294353078e+04 5.655579692877287457e+00
9.670164917541229806e+04 5.425978585223237616e+00
9.695152423788105079e+04 6.331676368846151703e+00
9.720139930034981808e+04 5.862874559325991441e+00
9.745127436281858536e+04 5.967309474771786526e+00
9.770114942528735264e+04 6.084772659417333251e+00
9.795102448775611992e+04 5.783973225223776993e+00
9.820089955022488721e+04 6.062200973623253830e+00
9.845077461269365449e+04 5.894706040280286885e+00
9.870064967516242177e+04 5.911985344689517419e+00
9.895052473763117450e+04 5.189081253170613195e+00
9.920039980009994179e+04 6.063840034827566505e+00
9.945027486256870907e+04 5.628553809598907165e+00
9.970014992503747635e+04 5.284271609658735436e+00
9.995002498750624363e+04 4.747035894281091295e+00
1.001999000499750109e+05 5.512845123750476972e+00
1.004497751124437782e+05 5.846538952531016520e+00
1.006996501749125309e+05 6.088275813640695588e+00
1.009495252373812982e+05 6.112551063504684024e+00
1.011994002998500655e+05 5.809676590533635832e+00
1.014492753623188473e+05 5.226242677238970735e+00
1.016991504247876146e+05 5.759547824404874561e+00
1.019490254872563819e+05 5.972801508142488558e+00
1.021989005497251492e+05 6.199348391611341214e+00
1.024487756121939019e+05 6.474916476516543895e+00
1.026986506746626692e+05 5.785818603938252203e+00
1.029485257371314365e+05 6.558140899030601823e+00
1.031984007996002038e+05 5.511214025447317866e+00
1.034482758620689710e+05 5.603907746475314866e+00
1.036981509245377383e+05 6.916302270886736991e+00
1.039480259870065056e+05 7.217940532941420351e+00
1.041979010494752583e+05 7.335756473601227512e+00
1.044477761119440256e+05 6.838960099447183083e+00
1.046976511744127929e+05 6.912414435925393619e+00
1.049475262368815602e+05 7.249828244103644792e+00
1.051974012993503275e+05 7.520196038241824255e+00
1.054472763618190947e+05 6.259166262137844328e+00
1.056971514242878620e+05 6.718044244663797571e+00
1.059470264867566293e+05 6.659055691151544387e+00
1.061969015492253820e+05 6.693103496740381964e+00
1.064467766116941493e+05 6.574925024444821631e+00
1.066966516741629166e+05 6.913109488643839562e+00
1.069465267366316839e+05 7.850813922271608014e+00
1.071964017991004512e+05 6.892800057442316941e+00
1.074462768615692185e+05 7.565655840364712503e+00
1.076961519240379857e+05 6.906330957092994716e+00
1.079460269865067385e+05 6.920936002425595923e+00
1.081959020489755057e+05 7.362150308877523308e+00
1.084457771114442730e+05 5.963515076371717960e+00
1.086956521739130403e+05 6.936258103938325092e+00
1.089455272363818076e+05 6.143537358702045204e+00
1.091954022988505749e+05 6.392233025259653090e+00
1.094452773613193422e+05 7.027684322986097243e+00
1.096951524237880949e+05 7.221898274889072766e+00
1.099450274862568622e+05 6.839119685496459766e+00
