0.000000000000000000e+00 2.801574661276172051e+00
2.498750624687656057e+02 3.701293114574135679e+00
4.997501249375312113e+02 2.879814604852201754e+00
7.496251874062968454e+02 4.289452050236420177e+00
9.995002498750624227e+02 3.202464481804422558e+00
1.249375312343828227e+03 4.419633071479643682e+00
1.499250374812593691e+03 4.063813967041184583e+00
1.749125437281359154e+03 2.792387477093987602e+00
1.999000499750124845e+03 2.854040377754607949e+00
2.248875562218890536e+03 2.947261404977152388e+00
2.498750624687656455e+03 3.898606243856757470e+00
2.748625687156421463e+03 4.354204637644024878e+00
2.998500749625187382e+03 3.160677755619833107e+00
3.248375812093953300e+03 3.275645133290568722e+00
3.498250874562718309e+03 3.440301519256460772e+00
3.748125937031484227e+03 3.187497781886151405e+00
3.998000999500249691e+03 3.262023977901410632e+00
4.247876061969015609e+03 4.469309515453790738e+00
4.497751124437781073e+03 3.361441515304013805e+00
4.747626186906546536e+03 2.644427516263073485e+00
4.997501249375312909e+03 3.252525281108833877e+00
5.247376311844078373e+03 2.576753905799713973e+00
5.497251374312842927e+03 3.785908260494036170e+00
5.747126436781609300e+03 2.984276972938945782e+00
5.997001499250374764e+03 3.061359011539881880e+00
6.246876561719140227e+03 3.283668322408440421e+00
6.496751624187906600e+03 2.724993163182349853e+00
6.746626686656671154e+03 3.179398652508365508e+00
6.996501749125436618e+03 4.090448757839918237e+00
7.246376811594202991e+03 3.314786443860904708e+00
7.496251874062968454e+03 3.278160734101001061e+00
7.746126936531734827e+03 4.337699688131761988e+00
7.996001999000499382e+03 3.686531327146601367e+00
8.245877061469265755e+03 3.983558079830769039e+00
8.495752123938031218e+03 3.595610683650144690e+00
8.745627186406796682e+03 3.854616217329510874e+00
8.995502248875562145e+03 3.715176074167558795e+00
9.245377311344327609e+03 3.431771640840264315e+00
9.495252373813093072e+03 3.375046693472894876e+00
9.745127436281858536e+03 3.320198878778935825e+00
9.995002498750625819e+03 3.144835626149454999e+00
1.024487756121939128e+04 3.399539066701758649e+00
1.049475262368815675e+04 3.559043048923788088e+00
1.074462768615692221e+04 4.694158720089165016e+00
1.099450274862568585e+04 4.804884281344393493e+00
1.124437781109445132e+04 3.878746797173896255e+00
1.149425287356321860e+04 4.047749335022328587e+00
1.174412793603198406e+04 4.444879695880677772e+00
1.199400299850074953e+04 5.904351393758679123e+00
1.224387806096951499e+04 4.941699204357778541e+00
1.249375312343828045e+04 4.187975316101428369e+00
1.274362818590704774e+04 4.158571797931868375e+00
1.299350324837581320e+04 4.573603671311683883e+00
1.324337831084457866e+04 3.928454731202326577e+00
1.349325337331334231e+04 2.762032212199597936e+00
1.374312843578210777e+04 3.675751648779696179e+00
1.399300349825087324e+04 4.731658260946714378e+00
1.424287856071964052e+04 6.403737866264368250e+00
1.449275362318840598e+04 4.675179164913608965e+00
1.474262868565717145e+04 5.168023601641024811e+00
1.499250374812593691e+04 5.348802850351200178e+00
1.524237881059470237e+04 5.557158523392448757e+00
1.549225387306346965e+04 7.605504867229662125e+00
1.574212893553223330e+04 5.081686397956696410e+00
1.599200399800099876e+04 3.856222518421652534e+00
1.624187906046976423e+04 5.425639139008592515e+00
1.649175412293853151e+04 4.991829963472099507e+00
1.674162918540729879e+04 4.099624798019763539e+00
1.699150424787606244e+04 5.507399294087039543e+00
1.724137931034482608e+04 4.228684497961257449e+00
1.749125437281359336e+04 4.071969255414052746e+00
1.774112943528236065e+04 4.580399004812876207e+00
1.799100449775112429e+04 4.977899741780460019e+00
1.824087956021989157e+04 4.518380763951869383e+00
1.849075462268865522e+04 4.665537111347437538e+00
1.874062968515742250e+04 3.787282178683853306e+00
1.899050474762618614e+04 4.450819896609808701e+00
1.924037981009495343e+04 4.726462082629272921e+00
1.949025487256371707e+04 5.733027363426527856e+00
1.974012993503248072e+04 5.157823428744973349e+00
1.999000499750125164e+04 5.602793686941558882e+00
2.023988005997001528e+04 4.947445786765241493e+00
2.048975512243878256e+04 3.955928567316191913e+00
2.073963018490754621e+04 4.502438896305650751e+00
2.098950524737631349e+04 4.863806054908766718e+00
2.123938030984507714e+04 4.541912658501416900e+00
2.148925537231384442e+04 5.255520379104749118e+00
2.173913043478260806e+04 4.037696758447619771e+00
2.198900549725137171e+04 4.684288259192669557e+00
2.223888055972013899e+04 3.754032877984428307e+00
2.248875562218890263e+04 3.866752637597608011e+00
2.273863068465767356e+04 4.027914845188282023e+00
2.298850574712643720e+04 5.016459822534227619e+00
2.323838080959520448e+04 4.725734067551299766e+00
2.348825587206396813e+04 3.619075503898102841e+00
2.373813093453273541e+04 4.531399053955458278e+00
2.398800599700149905e+04 6.123907080284070936e+00
2.423788105947026270e+04 5.831661951751995865e+00
2.448775612193902998e+04 6.604144517061537378e+00
2.473763118440779363e+04 5.670973236383713534e+00
2.498750624687656091e+04 5.928605352309475940e+00
2.523738130934532455e+04 5.644927025218897221e+00
2.548725637181409547e+04 5.555172463471044431e+00
2.573713143428285912e+04 4.546955124410059668e+00
2.598700649675162640e+04 5.341561712079096580e+00
2.623688155922039005e+04 4.404431276100780224e+00
2.648675662168915733e+04 5.209340368922907416e+00
2.673663168415792097e+04 3.904492673077442966e+00
2.698650674662668462e+04 4.117670051741932902e+00
2.723638180909545190e+04 4.665686299620039001e+00
2.748625687156421554e+04 4.682551264196490592e+00
2.773613193403298283e+04 5.458710355555840721e+00
2.798600699650174647e+04 5.912663652411564108e+00
2.823588205897051739e+04 4.529463858995495862e+00
2.848575712143928104e+04 5.582471852462554729e+00
2.873563218390804832e+04 5.278027667135510193e+00
2.898550724637681196e+04 4.676701945454119880e+00
2.923538230884557561e+04 5.357615882730180523e+00
2.948525737131434289e+04 5.748009094780321959e+00
2.973513243378310653e+04 5.498677239690076490e+00
2.998500749625187382e+04 6.054986973578404985e+00
3.023488255872063746e+04 7.877400107769227944e+00
3.048475762118940474e+04 8.511062925723114958e+00
3.073463268365817203e+04 5.362850712449069412e+00
3.098450774612693931e+04 5.495010295550951440e+00
3.123438280859570295e+04 5.884642261563973520e+00
3.148425787106446660e+04 6.010310305737762704e+00
3.173413293353323388e+04 5.569049181458499476e+00
3.198400799600199753e+04 6.593940249564128386e+00
3.223388305847076481e+04 6.451359827172576722e+00
3.248375812093952845e+04 5.759472191105368566e+00
3.273363318340829574e+04 6.003270783066201766e+00
3.298350824587706302e+04 5.435642700085130841e+00
3.323338330834582302e+04 4.716605808775578446e+00
3.348325837081459758e+04 6.049068717947569063e+00
3.373313343328335759e+04 5.937001809210870285e+00
3.398300849575212487e+04 6.470431998328960432e+00
3.423288355822089216e+04 4.557223737547465348e+00
3.448275862068965216e+04 5.918800629029583149e+00
3.473263368315842672e+04 5.227094989827167915e+00
3.498250874562718673e+04 4.870491560851312407e+00
3.523238380809595401e+04 6.437764023435617489e+00
3.548225887056472129e+04 5.151093869096805555e+00
3.573213393303348857e+04 6.923600469971192162e+00
3.598200899550224858e+04 6.095860239207446796e+00
3.623188405797101586e+04 7.907425097847291084e+00
3.648175912043978315e+04 6.684066984964025515e+00
3.673163418290854315e+04 6.350032374796287904e+00
3.698150924537731044e+04 6.140681352955008165e+00
3.723138430784607772e+04 6.162841184710737608e+00
3.748125937031484500e+04 5.274239447530161939e+00
3.773113443278360501e+04 7.410054202832787595e+00
3.798100949525237229e+04 7.137211984010557231e+00
3.823088455772113957e+04 8.632988672582099454e+00
3.848075962018990685e+04 8.302984303831664192e+00
3.873063468265866686e+04 7.186758883248557161e+00
3.898050974512743414e+04 9.142224681935601893e+00
3.923038480759620143e+04 8.641643383920484922e+00
3.948025987006496143e+04 8.195007458033208181e+00
3.973013493253372872e+04 9.464301710356872732e+00
3.998000999500250327e+04 8.909299702316145542e+00
4.022988505747127056e+04 9.166480574018578409e+00
4.047976011994003056e+04 8.801970215566489841e+00
4.072963518240879785e+04 5.508190683223338269e+00
4.097951024487756513e+04 5.471034373062050982e+00
4.122938530734632513e+04 6.400250727431880726e+00
4.147926036981509242e+04 7.524021419760443585e+00
4.172913543228385970e+04 7.046933199798777636e+00
4.197901049475262698e+04 7.107094414382268965e+00
4.222888555722138699e+04 8.955630159609057728e+00
4.247876061969015427e+04 1.012323584643602992e+01
4.272863568215892155e+04 1.195073559324120893e+01
4.297851074462768884e+04 8.788882715842918358e+00
4.322838580709644884e+04 8.641353404913244773e+00
4.347826086956521613e+04 8.235503700533229221e+00
4.372813593203398341e+04 7.866915900682641904e+00
4.397801099450274342e+04 7.641003767929404944e+00
4.422788605697151070e+04 7.949379386003641024e+00
4.447776111944027798e+04 6.275495562591224541e+00
4.472763618190904526e+04 8.009437784988699960e+00
4.497751124437780527e+04 7.798198189525105128e+00
4.522738630684657255e+04 8.576741179453581054e+00
4.547726136931534711e+04 6.519518934224620921e+00
4.572713643178411439e+04 6.040095982010436515e+00
4.597701149425287440e+04 6.755870382375044336e+00
4.622688655672164168e+04 6.564560832009198599e+00
4.647676161919040896e+04 7.630869022823419279e+00
4.672663668165916897e+04 5.788691064961340338e+00
4.697651174412793625e+04 5.831144665075854938e+00
4.722638680659670354e+04 6.050837154989500810e+00
4.747626186906547082e+04 5.952267892485130218e+00
4.772613693153423083e+04 7.005134720171813711e+00
4.797601199400299811e+04 6.799511781909168384e+00
4.822588705647176539e+04 7.580133574122570828e+00
4.847576211894052540e+04 5.792087339053620276e+00
4.872563718140929268e+04 5.878510708133231510e+00
4.897551224387805996e+04 7.226495227599839311e+00
4.922538730634682724e+04 6.765878769682530880e+00
4.947526236881558725e+04 6.539917850369116437e+00
4.972513743128435453e+04 7.035143101746904826e+00
4.997501249375312182e+04 7.983773047409474799e+00
5.022488755622188910e+04 8.649790727380022304e+00
5.047476261869064911e+04 8.391430345635388477e+00
5.072463768115942366e+04 7.343225940609647395e+00
5.097451274362819095e+04 7.104611755062059331e+00
5.122438780609695095e+04 7.014768087830241861e+00
5.147426286856571824e+04 6.598254629178569530e+00
5.172413793103448552e+04 6.514080774167481103e+00
5.197401299350325280e+04 5.660731249189466574e+00
5.222388805597201281e+04 7.044625557930117132e+00
5.247376311844078009e+04 7.116940427747615594e+00
5.272363818090954737e+04 7.717607387197080726e+00
5.297351324337831466e+04 6.243677331347652348e+00
5.322338830584707466e+04 6.257292448905301896e+00
5.347326336831584194e+04 6.069620731918286438e+00
5.372313843078460923e+04 6.767992755974849395e+00
5.397301349325336923e+04 6.828282396468028814e+00
5.422288855572213652e+04 7.671700376566760404e+00
5.447276361819090380e+04 6.598274105523208810e+00
5.472263868065967108e+04 1.009068158893116873e+01
5.497251374312843109e+04 6.918550987191737889e+00
5.522238880559719837e+04 7.111930395287767048e+00
5.547226386806596565e+04 6.377223709248915462e+00
5.572213893053472566e+04 7.804481716110249323e+00
5.597201399300349294e+04 7.618683817364487965e+00
5.622188905547226750e+04 7.655248831606252580e+00
5.647176411794103478e+04 6.485246561778923002e+00
5.672163918040979479e+04 6.894275257431527137e+00
5.697151424287856207e+04 6.360368654424555679e+00
5.722138930534732935e+04 8.107082764503326544e+00
5.747126436781609664e+04 7.624073724625035631e+00
5.772113943028485664e+04 7.796228979295690920e+00
5.797101449275362393e+04 7.257018725398931558e+00
5.822088955522239121e+04 7.658884892537773936e+00
5.847076461769115122e+04 8.313888176796071505e+00
5.872063968015991850e+04 9.080251892490629473e+00
5.897051474262868578e+04 8.450544236432314449e+00
5.922038980509745306e+04 6.851391734012981516e+00
5.947026486756621307e+04 7.519590286187383121e+00
5.972013993003498035e+04 7.031748300678370533e+00
5.997001499250374764e+04 6.047524177213313479e+00
6.021989005497251492e+04 6.926406594651469462e+00
6.046976511744127492e+04 7.868872646915700209e+00
6.071964017991004221e+04 7.429690056516846219e+00
6.096951524237880949e+04 7.229757023696533835e+00
6.121939030484756950e+04 7.115063632835753715e+00
6.146926536731634405e+04 6.532070349511871044e+00
6.171914042978511134e+04 7.238984357871337316e+00
6.196901549225387862e+04 6.685270983272704193e+00
6.221889055472263863e+04 5.905683112528511636e+00
6.246876561719140591e+04 6.046981310508403595e+00
6.271864067966017319e+04 6.126354954864775770e+00
6.296851574212893320e+04 6.804274956747404346e+00
6.321839080459770048e+04 8.373609060413178540e+00
6.346826586706646776e+04 7.104591257650174185e+00
6.371814092953523505e+04 7.537310733217029046e+00
6.396801599200399505e+04 7.767078999412282414e+00
6.421789105447276233e+04 7.660952386896074273e+00
6.446776611694152962e+04 7.855125127594171808e+00
6.471764117941029690e+04 6.810680777443671730e+00
6.496751624187905691e+04 6.656380209132683134e+00
6.521739130434782419e+04 7.335826801296181365e+00
6.546726636681659147e+04 6.544230005678195461e+00
6.571714142928535875e+04 6.383634044126535123e+00
6.596701649175412604e+04 6.852586909484802646e+00
6.621689155422287877e+04 8.556240549300692777e+00
6.646676661669164605e+04 7.481853329881091419e+00
6.671664167916042788e+04 7.835488352503745091e+00
6.696651674162919517e+04 8.242299308399353208e+00
6.721639180409794790e+04 8.742631826429569486e+00
6.746626686656671518e+04 8.342331049197936110e+00
6.771614192903548246e+04 8.142801730894634105e+00
6.796601699150424975e+04 7.151917626447511722e+00
6.821589205397301703e+04 7.599945174733067965e+00
6.846576711644178431e+04 6.845809241145414781e+00
6.871564217891055159e+04 9.657849727766594228e+00
6.896551724137930432e+04 8.578865286486156094e+00
6.921539230384807161e+04 8.266664344468368952e+00
6.946526736631685344e+04 7.683892570294750257e+00
6.971514242878562072e+04 7.108866933265780119e+00
6.996501749125437345e+04 8.544413307992435591e+00
7.021489255372314074e+04 6.649933857564747974e+00
7.046476761619190802e+04 9.092732174935401090e+00
7.071464267866067530e+04 7.773498887069310470e+00
7.096451774112944258e+04 7.438707038241362035e+00
7.121439280359820987e+04 7.826449940844461217e+00
7.146426786606697715e+04 8.627273030390055553e+00
7.171414292853572988e+04 7.685270288492067614e+00
7.196401799100449716e+04 8.470429892802767924e+00
7.221389305347326444e+04 7.639955058925644416e+00
7.246376811594203173e+04 8.237733507520133003e+00
7.271364317841079901e+04 7.253681854816454333e+00
7.296351824087956629e+04 9.700330618172349872e+00
7.321339330334833357e+04 9.413405409523006639e+00
7.346326836581708631e+04 7.024967637362137474e+00
7.371314342828585359e+04 6.994036109549102598e+00
7.396301849075462087e+04 7.666686810511612826e+00
7.421289355322338815e+04 8.380255898397525272e+00
7.446276861569215544e+04 7.436831125714189916e+00
7.471264367816092272e+04 8.441142532777764274e+00
7.496251874062969000e+04 6.540450598571313279e+00
7.521239380309844273e+04 7.465124544807308915e+00
7.546226886556721001e+04 7.859432398168119782e+00
7.571214392803597730e+04 8.663259154126075501e+00
7.596201899050474458e+04 8.475449975019220261e+00
7.621189405297351186e+04 9.889522880680457817e+00
7.646176911544227914e+04 9.809452453048821852e+00
7.671164417791104643e+04 8.704168266094820083e+00
7.696151924037981371e+04 8.614515956522307505e+00
7.721139430284856644e+04 8.251985685168543583e+00
7.746126936531733372e+04 8.171588090405762728e+00
7.771114442778610101e+04 7.073029543459444568e+00
7.796101949025486829e+04 9.788352271738526511e+00
7.821089455272363557e+04 8.676247819063476641e+00
7.846076961519240285e+04 9.425757610308799883e+00
7.871064467766117014e+04 9.347321525817434917e+00
7.896051974012992287e+04 1.064752857006691222e+01
7.921039480259869015e+04 9.712265121062085171e+00
7.946026986506745743e+04 9.918871929793969144e+00
7.971014492753622471e+04 1.087578848335115822e+01
7.996001999000500655e+04 9.319538066463968207e+00
8.020989505247377383e+04 8.222939508986145896e+00
8.045977011494254111e+04 8.588737721057999153e+00
8.070964517741129384e+04 9.253855785705555448e+00
8.095952023988006113e+04 1.054832030304119961e+01
8.120939530234882841e+04 9.849874288257005617e+00
8.145927036481759569e+04 7.571518930002758552e+00
8.170914542728636297e+04 7.910701941888393485e+00
8.195902048975513026e+04 7.084602990715420212e+00
8.220889555222389754e+04 8.920733758602759522e+00
8.245877061469265027e+04 7.745780785929747836e+00
8.270864567716141755e+04 7.882164863809530075e+00
8.295852073963018483e+04 8.884382513448882079e+00
8.320839580209895212e+04 7.675509826385225054e+00
8.345827086456771940e+04 9.272497308212555467e+00
8.370814592703648668e+04 8.695875617651473988e+00
8.395802098950525397e+04 9.349434492487908699e+00
8.420789605197402125e+04 1.205291292961279126e+01
8.445777111444277398e+04 9.738977202070921990e+00
8.470764617691154126e+04 9.885082291834187629e+00
8.495752123938030854e+04 1.073926309718301120e+01
8.520739630184907583e+04 1.003133816659020816e+01
8.545727136431784311e+04 1.018740419426820765e+01
8.570714642678661039e+04 9.356803381563739919e+00
8.595702148925537767e+04 9.478434294282987338e+00
8.620689655172413040e+04 1.044025718536797243e+01
8.645677161419289769e+04 8.982300833158165076e+00
8.670664667666166497e+04 7.294549886332148958e+00
8.695652173913043225e+04 8.792835263317343220e+00
8.720639680159919953e+04 7.939869102284490054e+00
8.745627186406796682e+04 9.148498556654661940e+00
8.770614692653673410e+04 8.049368906412952995e+00
8.795602198900548683e+04 9.196205880249317843e+00
8.820589705147425411e+04 9.474410206217708463e+00
8.845577211394302140e+04 9.598974224894886831e+00
8.870564717641178868e+04 7.907999010278462748e+00
8.895552223888055596e+04 8.320048502272527458e+00
8.920539730134932324e+04 8.553420732656254799e+00
8.945527236381809053e+04 1.034782188340177989e+01
8.970514742628684326e+04 8.355636204332840933e+00
8.995502248875561054e+04 9.603356101100075648e+00
9.020489755122437782e+04 8.208399556543710673e+00
9.045477261369314510e+04 9.602513176232365666e+00
9.070464767616192694e+04 8.682807507421243187e+00
9.095452273863069422e+04 9.682674171967232013e+00
9.120439780109946150e+04 1.005039317194642834e+01
9.145427286356822879e+04 9.109577931948390273e+00
9.170414792603698152e+04 8.647240653658959886e+00
9.195402298850574880e+04 8.004374587600841195e+00
9.220389805097451608e+04 9.393721720613049442e+00
9.245377311344328336e+04 8.910184733268383894e+00
9.270364817591205065e+04 1.126033969985578587e+01
9.295352323838081793e+04 1.000962972680261309e+01
9.320339830084958521e+04 9.169107422718262512e+00
9.345327336331833794e+04 9.212802494173477186e+00
9.370314842578710523e+04 9.972013768388729105e+00
9.395302348825587251e+04 1.046887110878431848e+01
9.420289855072463979e+04 9.501188038466713337e+00
9.445277361319340707e+04 9.557562963666942579e+00
9.470264867566217436e+04 9.581929278631767133e+00
9.495252373813094164e+04 7.652636085356710360e+00
9.520239880059969437e+04 7.581177049003642310e+00
9.545227386306846165e+04 8.972479470708780269e+00
9.570214892553722893e+04 1.054516150586072420e+01
9.595202398800599622e+04 8.190816089527164223e+00
9.620189905047476350e+04 7.983619110671978270e+00
9.645177411294353078e+04 8.990642216206163440e+00
9.670164917541229806e+04 8.466393555276193084e+00
9.695152423788105079e+04 7.762283458297365435e+00
9.720139930034981808e+04 8.675897397475912598e+00
9.745127436281858536e+04 8.978925476341586887e+00
9.770114942528735264e+04 8.501203688712260842e+00
9.795102448775611992e+04 9.665130470636899673e+00
9.820089955022488721e+04 8.993661517038519904e+00
9.845077461269365449e+04 1.037566244955988637e+01
9.870064967516242177e+04 9.911980189418338583e+00
9.895052473763117450e+04 1.048817671033895138e+01
9.920039980009994179e+04 1.126345639132465593e+01
9.945027486256870907e+04 8.997178335570858110e+00
9.970014992503747635e+04 9.114590366510400443e+00
9.995002498750624363e+04 9.004321408466632093e+00
1.001999000499750109e+05 1.153005914379984631e+01
1.004497751124437782e+05 1.138925463081771383e+01
1.006996501749125309e+05 1.147757857490689481e+01
1.009495252373812982e+05 8.909514801518453098e+00
1.011994002998500655e+05 1.417380026570277529e+01
1.014492753623188473e+05 1.237552591292298310e+01
1.016991504247876146e+05 1.255035787699677741e+01
1.019490254872563819e+05 1.444239881923036606e+01
1.021989005497251492e+05 1.271002280886358626e+01
1.024487756121939019e+05 1.858392703810699942e+01
1.026986506746626692e+05 1.347738349607785757e+01
1.029485257371314365e+05 1.397317479167565324e+01
1.031984007996002038e+05 1.098346002532428756e+01
1.034482758620689710e+05 1.074124347394584333e+01
1.036981509245377383e+05 1.218595787670209774e+01
1.039480259870065056e+05 1.146706069233895420e+01
1.041979010494752583e+05 1.460201882117713623e+01
1.044477761119440256e+05 1.390495339201882175e+01
1.046976511744127929e+05 1.299473458143586768e+01
1.049475262368815602e+05 1.088864170528232833e+01
1.051974012993503275e+05 1.156833211504290304e+01
1.054472763618190947e+05 9.339059626524591096e+00
1.056971514242878620e+05 9.549432581710382451e+00
1.059470264867566293e+05 9.516424811086514168e+00
1.061969015492253820e+05 9.841077385876875638e+00
1.064467766116941493e+05 8.368317671987263395e+00
1.066966516741629166e+05 9.065397385628292781e+00
1.069465267366316839e+05 1.065014011254315918e+01
1.071964017991004512e+05 1.175012933262402903e+01
1.074462768615692185e+05 1.079740036748521526e+01
1.076961519240379857e+05 1.062385062911269706e+01
1.079460269865067385e+05 9.906511233917280279e+00
1.081959020489755057e+05 1.151415182441483687e+01
1.084457771114442730e+05 1.164683579811252301e+01
1.086956521739130403e+05 9.677781478855745689e+00
1.089455272363818076e+05 9.933119127467668008e+00
1.091954022988505749e+05 1.065786553672302261e+01
1.094452773613193422e+05 1.238747915820624179e+01
1.096951524237880949e+05 1.228203274789606070e+01
1.099450274862568622e+05 1.011682839265448131e+01
