0.000000000000000000e+00 8.818503130586238109e-03
2.621919244887257037e+02 1.006701783741336710e-02
5.243838489774514073e+02 9.567590005275182150e-03
7.865757734661772247e+02 1.054828636318169352e-02
1.048767697954902815e+03 8.482558968648259978e-03
1.310959622443628632e+03 7.976720496349365766e-03
1.573151546932354449e+03 7.964054428282359155e-03
1.835343471421080039e+03 7.784944268075820462e-03
2.097535395909805629e+03 6.828881370588400432e-03
2.359727320398531447e+03 6.992632856588915612e-03
2.621919244887257264e+03 6.489815728022333731e-03
2.884111169375982627e+03 6.337266413278493278e-03
3.146303093864708899e+03 6.040226745392339100e-03
3.408495018353434716e+03 5.063947168674300288e-03
3.670686942842160079e+03 5.785331790214347410e-03
3.932878867330885896e+03 5.542939121972232860e-03
4.195070791819611259e+03 5.485360309104975012e-03
4.457262716308337076e+03 4.973387931488598181e-03
4.719454640797062893e+03 5.536467752277646204e-03
4.981646565285788711e+03 5.513344820917013070e-03
5.243838489774514528e+03 5.969063721365770216e-03
5.506030414263239436e+03 5.062742556423291407e-03
5.768222338751965253e+03 5.497440913062752281e-03
6.030414263240691071e+03 5.219209775552613277e-03
6.292606187729417798e+03 5.734355443308195716e-03
6.554798112218143615e+03 5.217274254181791977e-03
6.816990036706869432e+03 4.668096901178775751e-03
7.079181961195594340e+03 5.321105839387657924e-03
7.341373885684320157e+03 4.549757241050326161e-03
7.603565810173045975e+03 4.398789282006440073e-03
7.865757734661771792e+03 4.942604328005883486e-03
8.127949659150497610e+03 4.712622657918085108e-03
8.390141583639222517e+03 4.269503155284212585e-03
8.652333508127949244e+03 4.668454574898161895e-03
8.914525432616674152e+03 4.969823008421020774e-03
9.176717357105400879e+03 4.851022477137842230e-03
9.438909281594125787e+03 4.915309796442127177e-03
9.701101206082850695e+03 5.005731048458201236e-03
9.963293130571577422e+03 4.550521834091653464e-03
1.022548505506030233e+04 4.588856707629066119e-03
1.048767697954902906e+04 4.973182119876370585e-03
1.074986890403775396e+04 4.024756489392480527e-03
1.101206082852647887e+04 4.547941652842342475e-03
1.127425275301520560e+04 4.660414299982511797e-03
1.153644467750393051e+04 4.480152150452152739e-03
1.179863660199265723e+04 4.586823831893704385e-03
1.206082852648138214e+04 4.752465167877979735e-03
1.232302045097010887e+04 4.183018154106600030e-03
1.258521237545883560e+04 4.690287584930159445e-03
1.284740429994756050e+04 4.479156025606412586e-03
1.310959622443628723e+04 4.205136740314867512e-03
1.337178814892501214e+04 4.077923334001862417e-03
1.363398007341373886e+04 3.963003845143364678e-03
1.389617199790246377e+04 3.584872245296144740e-03
1.415836392239118868e+04 4.125815740956319429e-03
1.442055584687991541e+04 3.969642490249914238e-03
1.468274777136864031e+04 3.710096706341958848e-03
1.494493969585736704e+04 3.679099117842036387e-03
1.520713162034609195e+04 3.664398437583913249e-03
1.546932354483481868e+04 3.789630654963822322e-03
1.573151546932354358e+04 3.885600474394782910e-03
1.599370739381226849e+04 3.704504905334980551e-03
1.625589931830099522e+04 3.510450216955565521e-03
1.651809124278972013e+04 3.848533652185693373e-03
1.678028316727844503e+04 3.366060349944560454e-03
1.704247509176717358e+04 3.520363151608939256e-03
1.730466701625589849e+04 3.417861516343004714e-03
1.756685894074462340e+04 3.371650222625666941e-03
1.782905086523334830e+04 3.664617557906867627e-03
1.809124278972207685e+04 3.524029697377329198e-03
1.835343471421080176e+04 3.535215391064364457e-03
1.861562663869952667e+04 3.214734490583298285e-03
1.887781856318825157e+04 3.772109709540329321e-03
1.914001048767698012e+04 3.554000526893265430e-03
1.940220241216570139e+04 3.621515421942981053e-03
1.966439433665442994e+04 3.469799140907982304e-03
1.992658626114315484e+04 3.541517513833423829e-03
2.018877818563188339e+04 3.460591252949336664e-03
2.045097011012060466e+04 3.496550477794444379e-03
2.071316203460933320e+04 3.356374038945236001e-03
2.097535395909805811e+04 3.256167567800854860e-03
2.123754588358678302e+04 3.654144773272412043e-03
2.149973780807550793e+04 3.280550185028889044e-03
2.176192973256423647e+04 3.472213791039765411e-03
2.202412165705295774e+04 3.144360330598345698e-03
2.228631358154168629e+04 3.289400868449641677e-03
2.254850550603041120e+04 3.277874592847643438e-03
2.281069743051913974e+04 3.111066978251057855e-03
2.307288935500786101e+04 2.951123802561564455e-03
2.333508127949658956e+04 3.181722968901921043e-03
2.359727320398531447e+04 2.883191753515168456e-03
2.385946512847403937e+04 3.018025022813463493e-03
2.412165705296276428e+04 3.183229958037674459e-03
2.438384897745149283e+04 2.830712653545700182e-03
2.464604090194021774e+04 3.172155997281624756e-03
2.490823282642894264e+04 3.092934356029731179e-03
2.517042475091767119e+04 2.969488702690389545e-03
2.543261667540639610e+04 2.966507628885332436e-03
2.569480859989512101e+04 2.876297560484347617e-03
2.595700052438384591e+04 3.016246783275673259e-03
2.621919244887257446e+04 2.857039932469776760e-03
2.648138437336129937e+04 2.654650799590953496e-03
2.674357629785002428e+04 2.844699866719424108e-03
2.700576822233874918e+04 2.900189278105023451e-03
2.726796014682747773e+04 2.696885028286636916e-03
2.753015207131619900e+04 2.655654641216051957e-03
2.779234399580492754e+04 2.696839251475594609e-03
2.805453592029365245e+04 2.611810642103801986e-03
2.831672784478237736e+04 2.621328433165588060e-03
2.857891976927110227e+04 2.552003158824353579e-03
2.884111169375983081e+04 2.769427719866190615e-03
2.910330361824855572e+04 2.541060734254063733e-03
2.936549554273728063e+04 2.775220142784835288e-03
2.962768746722600554e+04 2.531488648014866300e-03
2.988987939171473408e+04 2.605959751397290015e-03
3.015207131620345535e+04 2.602654682353464349e-03
3.041426324069218390e+04 2.632002030754343122e-03
3.067645516518090881e+04 2.597482570758897526e-03
3.093864708966963735e+04 2.393903263210074139e-03
3.120083901415835862e+04 2.525682051078414949e-03
3.146303093864708717e+04 2.417164758696338685e-03
3.172522286313581208e+04 2.523172499919659230e-03
3.198741478762453698e+04 2.375019951600464141e-03
3.224960671211326189e+04 2.672668548010919635e-03
3.251179863660199044e+04 2.443902294256678452e-03
3.277399056109071535e+04 2.564607155750354452e-03
3.303618248557944025e+04 2.587432110488238970e-03
3.329837441006816516e+04 2.599048803630731042e-03
3.356056633455689007e+04 2.524166827377095218e-03
3.382275825904562225e+04 2.537731608567129950e-03
3.408495018353434716e+04 2.597429231859751074e-03
3.434714210802307207e+04 2.435676171625807650e-03
3.460933403251179698e+04 2.628001562938275890e-03
3.487152595700052188e+04 2.563475671688747112e-03
3.513371788148924679e+04 2.397903320846944773e-03
3.539590980597797170e+04 2.573456808852310224e-03
3.565810173046669661e+04 2.644696447059711499e-03
3.592029365495542152e+04 2.375736122109352831e-03
3.618248557944415370e+04 2.690948293125848979e-03
3.644467750393287861e+04 2.531885323924020631e-03
3.670686942842160352e+04 2.501361307183472358e-03
3.696906135291032115e+04 2.650172722366218609e-03
3.723125327739905333e+04 2.374299848533110383e-03
3.749344520188777824e+04 2.587865706904242131e-03
3.775563712637650315e+04 2.542812849968518508e-03
3.801782905086522806e+04 2.676502023253816281e-03
3.828002097535396024e+04 2.692690329322394195e-03
3.854221289984268515e+04 2.819599178391467720e-03
3.880440482433140278e+04 2.719478445456177153e-03
3.906659674882012769e+04 2.616654376559292804e-03
3.932878867330885987e+04 2.761294280506176521e-03
3.959098059779758478e+04 2.570565017558806755e-03
3.985317252228630969e+04 2.533914813809593890e-03
4.011536444677503459e+04 2.352988598316505149e-03
4.037755637126376678e+04 2.630868436270364201e-03
4.063974829575248441e+04 2.381008818802003192e-03
4.090194022024120932e+04 2.482552910174119949e-03
4.116413214472993423e+04 2.443474907659178887e-03
4.142632406921866641e+04 2.546855115210802916e-03
4.168851599370739132e+04 2.399048654386029718e-03
4.195070791819611622e+04 2.580366954343846740e-03
4.221289984268484841e+04 2.455602632793867524e-03
4.247509176717356604e+04 2.464458226734953395e-03
4.273728369166229095e+04 2.593789260524037230e-03
4.299947561615101586e+04 2.467664344109446722e-03
4.326166754063974804e+04 2.655324856654789345e-03
4.352385946512847295e+04 2.643859392053336550e-03
4.378605138961719786e+04 2.529677305821334977e-03
4.404824331410591549e+04 2.494266098259743849e-03
4.431043523859464767e+04 2.644063177006294053e-03
4.457262716308337258e+04 2.352103793646472679e-03
4.483481908757209749e+04 2.499101928867055421e-03
4.509701101206082240e+04 2.364608958622817659e-03
4.535920293654955458e+04 2.272234810285859389e-03
4.562139486103827949e+04 2.392158340566052921e-03
4.588358678552699712e+04 2.481827383356854325e-03
4.614577871001572203e+04 2.266648131856174430e-03
4.640797063450445421e+04 2.495346080028194857e-03
4.667016255899317912e+04 2.538301190004475013e-03
4.693235448348190403e+04 2.274952427260644623e-03
4.719454640797062893e+04 2.620614509804223852e-03
4.745673833245936112e+04 2.529231779323630209e-03
4.771893025694807875e+04 2.209863394076096253e-03
4.798112218143680366e+04 2.668439530328698371e-03
4.824331410592552857e+04 2.402006439463591752e-03
4.850550603041426075e+04 2.162996889205885068e-03
4.876769795490298566e+04 2.598724378565052742e-03
4.902988987939171056e+04 2.333533985183836902e-03
4.929208180388043547e+04 2.174439076079157096e-03
4.955427372836916038e+04 2.446115205866643185e-03
4.981646565285788529e+04 2.396544973125920141e-03
5.007865757734661020e+04 2.288499771468823982e-03
5.034084950183534238e+04 2.470207729355588817e-03
5.060304142632406729e+04 2.496002027817671113e-03
5.086523335081279220e+04 2.328152263944447894e-03
5.112742527530151710e+04 2.511730522711141077e-03
5.138961719979024201e+04 2.463275759001694841e-03
5.165180912427896692e+04 2.266584852050713712e-03
5.191400104876769183e+04 2.514785312236441847e-03
5.217619297325641674e+04 2.337885877486351859e-03
5.243838489774514892e+04 2.250753366529944285e-03
5.270057682223387383e+04 2.348356970550406330e-03
5.296276874672259873e+04 2.212531717545655058e-03
5.322496067121131637e+04 2.297818769245963452e-03
5.348715259570004855e+04 2.168109818184256118e-03
5.374934452018877346e+04 2.364646929080988554e-03
5.401153644467749837e+04 2.142391923413589083e-03
5.427372836916622327e+04 2.277418493415883476e-03
5.453592029365495546e+04 2.315185981706656057e-03
5.479811221814368037e+04 2.239545722788006867e-03
5.506030414263239800e+04 2.139854221296744446e-03
5.532249606712112291e+04 2.352802339983730597e-03
5.558468799160985509e+04 2.083985506075422458e-03
5.584687991609858000e+04 2.197765784176384379e-03
5.610907184058730491e+04 2.370517583841887967e-03
5.637126376507602981e+04 2.260029025227713352e-03
5.663345568956475472e+04 2.400496709740213008e-03
5.689564761405347963e+04 2.316890126788232526e-03
5.715783953854220454e+04 2.406893224515793770e-03
5.742003146303092944e+04 2.250989172547198432e-03
5.768222338751966163e+04 2.339952043629031989e-03
5.794441531200838654e+04 2.173440399387249842e-03
5.820660723649711144e+04 2.181503938827954615e-03
5.846879916098582908e+04 2.202533402523517998e-03
5.873099108547456126e+04 2.180721159957733739e-03
5.899318300996328617e+04 2.045847911547812436e-03
5.925537493445201108e+04 2.047581344331379088e-03
5.951756685894074326e+04 2.214008130277458040e-03
5.977975878342946817e+04 2.076171643648657729e-03
6.004195070791819307e+04 2.142612681672218574e-03
6.030414263240691071e+04 2.083278770908388380e-03
6.056633455689564289e+04 2.210680071981586947e-03
6.082852648138436780e+04 2.068428536856961424e-03
6.109071840587309271e+04 2.106918006508376028e-03
6.135291033036181761e+04 2.145699582566759200e-03
6.161510225485054980e+04 2.032780747055440169e-03
6.187729417933927471e+04 2.058570239884387545e-03
6.213948610382799234e+04 2.114094897803161632e-03
6.240167802831671725e+04 2.136492081458636529e-03
6.266386995280544943e+04 2.000742593026329230e-03
6.292606187729417434e+04 2.103448434567752826e-03
6.318825380178289925e+04 2.073761239147037163e-03
6.345044572627162415e+04 2.084776167424803178e-03
6.371263765076035634e+04 1.866693315860422668e-03
6.397482957524907397e+04 1.937269088930550351e-03
6.423702149973779888e+04 2.229707762055538941e-03
6.449921342422652378e+04 2.033567676634657605e-03
6.476140534871525597e+04 2.105207705368368747e-03
6.502359727320398088e+04 2.251755317104916360e-03
6.528578919769270578e+04 2.186733077813370497e-03
6.554798112218143069e+04 2.299939194405251422e-03
6.581017304667015560e+04 2.272668417841643054e-03
6.607236497115888051e+04 2.094142337537933159e-03
6.633455689564760542e+04 2.130137560846975461e-03
6.659674882013633032e+04 2.201226560537485055e-03
6.685894074462505523e+04 2.118478121427594136e-03
6.712113266911378014e+04 2.323145719846505738e-03
6.738332459360250505e+04 2.223802467754363438e-03
6.764551651809124451e+04 2.330816977107031014e-03
6.790770844257996941e+04 2.438215960138644892e-03
6.816990036706869432e+04 2.340319365742471024e-03
6.843209229155740468e+04 2.472044775276666280e-03
6.869428421604614414e+04 2.304254897955734446e-03
6.895647614053486905e+04 2.376764795880364611e-03
6.921866806502359395e+04 2.155043877752393922e-03
6.948085998951231886e+04 2.243917546448426226e-03
6.974305191400104377e+04 2.077118633406056965e-03
7.000524383848975413e+04 2.251504120440948973e-03
7.026743576297849359e+04 2.055162650630713503e-03
7.052962768746721849e+04 2.186728982190655826e-03
7.079181961195594340e+04 2.181971452042698410e-03
7.105401153644466831e+04 2.261208875952049838e-03
7.131620346093339322e+04 2.206889282314621840e-03
7.157839538542211812e+04 2.130620127519547175e-03
7.184058730991084303e+04 2.145396251415141245e-03
7.210277923439956794e+04 2.147875932232550314e-03
7.236497115888830740e+04 2.225310430048553067e-03
7.262716308337703231e+04 1.953248752634726988e-03
7.288935500786575722e+04 2.095527195214796391e-03
7.315154693235448212e+04 1.974711970208329562e-03
7.341373885684320703e+04 2.089279662265499261e-03
7.367593078133191739e+04 2.152104924381736690e-03
7.393812270582064230e+04 2.200011124105511438e-03
7.420031463030936720e+04 2.169680237627836031e-03
7.446250655479810666e+04 2.107369646524911728e-03
7.472469847928683157e+04 2.296830957036674874e-03
7.498689040377555648e+04 2.084477976204693848e-03
7.524908232826428139e+04 2.071675299636275246e-03
7.551127425275300629e+04 2.059622418764742169e-03
7.577346617724173120e+04 2.122458044675705219e-03
7.603565810173045611e+04 2.017078403685608652e-03
7.629785002621919557e+04 1.989748395394982331e-03
7.656004195070792048e+04 1.973216283551608267e-03
7.682223387519664539e+04 2.118586538885500452e-03
7.708442579968537029e+04 2.064905262678153660e-03
7.734661772417408065e+04 2.133591123039658977e-03
7.760880964866280556e+04 2.306552722126572422e-03
7.787100157315153047e+04 1.993772208490765009e-03
7.813319349764025537e+04 2.252296740336150009e-03
7.839538542212899483e+04 2.174139159352317212e-03
7.865757734661771974e+04 2.131233417718680564e-03
7.891976927110644465e+04 1.971422013300229859e-03
7.918196119559516956e+04 2.132932123869918806e-03
7.944415312008389446e+04 1.971073846249049837e-03
7.970634504457261937e+04 2.163176413145599924e-03
7.996853696906134428e+04 2.117253486411643966e-03
8.023072889355006919e+04 2.128142588940756374e-03
8.049292081803880865e+04 2.039097019397688015e-03
8.075511274252753356e+04 2.123913035824182872e-03
8.101730466701624391e+04 2.012726618539142920e-03
8.127949659150496882e+04 1.935750760986151885e-03
8.154168851599369373e+04 2.107757901694595325e-03
8.180388044048241863e+04 1.909749477510113780e-03
8.206607236497114354e+04 1.927797844331609160e-03
8.232826428945986845e+04 2.070966978092551435e-03
8.259045621394860791e+04 1.975206438246606723e-03
8.285264813843733282e+04 1.972505238225515968e-03
8.311484006292605773e+04 2.041755495521360188e-03
8.337703198741478263e+04 2.028620567859077978e-03
8.363922391190350754e+04 2.045092084808124155e-03
8.390141583639223245e+04 1.991421360484389464e-03
8.416360776088095736e+04 2.020829060962478149e-03
8.442579968536969682e+04 1.921645578893645514e-03
8.468799160985840717e+04 2.034208045969105282e-03
8.495018353434713208e+04 2.012002948379127115e-03
8.521237545883585699e+04 1.910601211788254738e-03
8.547456738332458190e+04 1.915647045030726033e-03
8.573675930781330680e+04 1.920961437761019601e-03
8.599895123230203171e+04 2.017679194713717459e-03
8.626114315679075662e+04 2.011179878015699300e-03
8.652333508127949608e+04 1.994988024908299871e-03
8.678552700576822099e+04 1.996204644632078740e-03
8.704771893025694590e+04 2.011742835192868815e-03
8.730991085474567080e+04 1.939842865422562821e-03
8.757210277923439571e+04 2.037103617734321772e-03
8.783429470372312062e+04 1.902727381780990826e-03
8.809648662821183098e+04 1.879612007085419180e-03
8.835867855270055588e+04 1.995205385607885795e-03
8.862087047718929534e+04 1.969066116010905095e-03
8.888306240167802025e+04 2.054670840470616475e-03
8.914525432616674516e+04 1.992015079870402151e-03
8.940744625065547007e+04 1.974822853220014381e-03
8.966963817514419497e+04 2.022020143762906768e-03
8.993183009963291988e+04 2.211979371771076366e-03
9.019402202412164479e+04 1.942511370625368567e-03
9.045621394861036970e+04 2.039438973831829600e-03
9.071840587309910916e+04 2.029004365750842857e-03
9.098059779758783407e+04 2.037734987354177831e-03
9.124278972207655897e+04 2.027756631953286925e-03
9.150498164656528388e+04 2.134667412407850306e-03
9.176717357105399424e+04 1.956762184220151198e-03
9.202936549554271915e+04 2.065737266874131083e-03
9.229155742003144405e+04 2.135305210704332123e-03
9.255374934452018351e+04 1.942336951915241096e-03
9.281594126900890842e+04 2.075039346324884012e-03
9.307813319349763333e+04 2.042548623193341049e-03
9.334032511798635824e+04 1.877081810828363931e-03
9.360251704247508314e+04 1.983817931668705858e-03
9.386470896696380805e+04 2.072736497839876898e-03
9.412690089145253296e+04 1.997843678651047700e-03
9.438909281594125787e+04 1.949237856156873627e-03
9.465128474042999733e+04 2.050357903948777857e-03
9.491347666491872224e+04 1.946165262962118794e-03
9.517566858940744714e+04 1.985797948112242878e-03
9.543786051389615750e+04 1.903271093933703046e-03
9.570005243838488241e+04 2.005806018372333337e-03
9.596224436287360732e+04 1.981177013440089084e-03
9.622443628736233222e+04 2.015235308868165622e-03
9.648662821185105713e+04 2.014828933493116765e-03
9.674882013633979659e+04 1.988102279320403450e-03
9.701101206082852150e+04 1.991862013770898110e-03
9.727320398531724641e+04 2.036469621821479243e-03
9.753539590980597131e+04 2.079891866266222328e-03
9.779758783429469622e+04 2.103071447933415813e-03
9.805977975878342113e+04 2.179570873866663525e-03
9.832197168327214604e+04 1.986630977323937137e-03
9.858416360776087095e+04 2.142668618971207105e-03
9.884635553224961041e+04 2.137518134724620926e-03
9.910854745673832076e+04 2.011961664919307592e-03
9.937073938122704567e+04 2.091112070374024322e-03
9.963293130571577058e+04 2.093374255078386207e-03
9.989512323020449548e+04 1.987544936641138724e-03
1.001573151546932204e+05 2.057651518859440407e-03
1.004195070791819453e+05 2.152882719454200268e-03
1.006816990036706848e+05 1.983893508540810618e-03
1.009438909281594097e+05 2.143211811809201360e-03
1.012060828526481346e+05 2.107897233300112371e-03
1.014682747771368595e+05 2.018898971863067760e-03
1.017304667016255844e+05 2.158863198257552751e-03
1.019926586261143093e+05 2.039102718647150571e-03
1.022548505506030342e+05 1.955181637964806263e-03
1.025170424750917446e+05 2.128083167561412459e-03
1.027792343995804840e+05 2.063274030431178768e-03
1.030414263240692089e+05 1.888112681153959358e-03
1.033036182485579338e+05 2.052911556892962446e-03
1.035658101730466587e+05 2.110573740016888182e-03
1.038280020975353837e+05 2.010572652782246627e-03
1.040901940220241086e+05 2.108894028165563678e-03
1.043523859465128335e+05 2.069677170508116108e-03
1.046145778710015584e+05 1.978327439950875854e-03
1.048767697954902978e+05 2.110950591652219731e-03
1.051389617199790227e+05 2.038568890041365413e-03
1.054011536444677477e+05 1.897219682323539151e-03
1.056633455689564726e+05 2.110277407607259390e-03
1.059255374934451975e+05 2.000975091813761344e-03
1.061877294179339078e+05 2.024324197066815212e-03
1.064499213424226327e+05 2.094939196726073889e-03
1.067121132669113576e+05 2.093767796746854974e-03
1.069743051914000971e+05 2.048416534001498788e-03
1.072364971158888220e+05 2.060965533824397553e-03
1.074986890403775469e+05 2.121256358674987463e-03
1.077608809648662718e+05 2.003615990508882203e-03
1.080230728893549967e+05 2.183112949575237525e-03
1.082852648138437216e+05 2.014892557133855008e-03
1.085474567383324465e+05 2.129593062107401624e-03
1.088096486628211715e+05 2.046795166296968508e-03
1.090718405873099109e+05 2.159216670750301048e-03
1.093340325117986358e+05 2.059498172781182909e-03
1.095962244362873607e+05 2.145340469326075319e-03
1.098584163607760711e+05 2.054408631116053270e-03
1.101206082852647960e+05 2.071958202895453956e-03
1.103828002097535209e+05 2.127657472770872610e-03
1.106449921342422458e+05 2.185586887667922886e-03
1.109071840587309853e+05 2.183146808456311403e-03
1.111693759832197102e+05 2.059460705431966684e-03
1.114315679077084351e+05 2.176735825117983875e-03
1.116937598321971600e+05 2.049349185155762906e-03
1.119559517566858849e+05 2.008036984676892043e-03
1.122181436811746098e+05 1.934217606339090926e-03
1.124803356056633347e+05 1.895781001070565323e-03
1.127425275301520596e+05 1.965726106547314479e-03
1.130047194546407991e+05 2.077229578715611338e-03
1.132669113791295094e+05 2.022654612460357201e-03
1.135291033036182343e+05 2.036471135188844261e-03
1.137912952281069593e+05 2.269271038702945584e-03
1.140534871525956842e+05 2.140545365532302118e-03
1.143156790770844091e+05 2.120467668194677118e-03
1.145778710015731340e+05 2.183706834874941417e-03
1.148400629260618589e+05 1.991858470494244689e-03
1.151022548505505983e+05 2.089437955188480373e-03
1.153644467750393233e+05 2.127152508341389591e-03
1.156266386995280482e+05 2.007628709903359204e-03
1.158888306240167731e+05 2.037002924592373147e-03
1.161510225485054980e+05 2.123709194251523821e-03
1.164132144729942229e+05 2.007037779437613988e-03
1.166754063974829478e+05 2.109892582281701953e-03
1.169375983219716582e+05 2.049293229085099623e-03
1.171997902464603976e+05 2.018197781912211414e-03
1.174619821709491225e+05 2.000228142764463608e-03
1.177241740954378474e+05 2.042308898307552533e-03
1.179863660199265723e+05 2.063270409086454676e-03
1.182485579444152972e+05 2.040705167738930681e-03
1.185107498689040222e+05 2.147346501769622443e-03
1.187729417933927471e+05 2.031169581292269297e-03
1.190351337178814865e+05 2.150161278889203224e-03
1.192973256423702114e+05 2.092642133745666912e-03
1.195595175668589363e+05 2.015219366525938891e-03
1.198217094913476612e+05 2.019908326426257499e-03
1.200839014158363861e+05 2.046658540033027222e-03
1.203460933403250965e+05 1.941905030121791192e-03
1.206082852648138214e+05 1.930681786185771279e-03
1.208704771893025463e+05 1.993678908456788558e-03
1.211326691137912858e+05 1.954555833111307987e-03
1.213948610382800107e+05 1.974710429005458508e-03
1.216570529627687356e+05 2.028557891554169310e-03
1.219192448872574605e+05 2.144357586773422766e-03
1.221814368117461854e+05 2.045423965151555237e-03
1.224436287362349103e+05 2.161130241659159953e-03
1.227058206607236352e+05 2.063412924024255260e-03
1.229680125852123601e+05 2.078111282996211208e-03
1.232302045097010996e+05 2.107938761462593673e-03
1.234923964341898245e+05 2.013742375077497062e-03
1.237545883586785494e+05 1.996142572991524249e-03
1.240167802831672598e+05 1.976123233462244097e-03
1.242789722076559847e+05 2.009117807362848819e-03
1.245411641321447096e+05 1.976941308550520058e-03
1.248033560566334345e+05 2.039578188857181854e-03
1.250655479811221594e+05 2.020338698817022473e-03
1.253277399056108989e+05 1.949153145752482693e-03
1.255899318300996238e+05 1.947429682716309354e-03
1.258521237545883487e+05 1.931921688438226203e-03
1.261143156790770736e+05 1.915181800990664379e-03
1.263765076035657985e+05 1.883540617349086085e-03
1.266386995280545234e+05 1.891625697044670325e-03
1.269008914525432483e+05 1.895241516631581032e-03
1.271630833770319878e+05 1.887957782824361760e-03
1.274252753015207127e+05 1.836285823032385300e-03
1.276874672260094230e+05 1.795621406593547091e-03
1.279496591504981479e+05 1.814204713459240071e-03
1.282118510749868728e+05 1.810912975652348433e-03
1.284740429994755978e+05 1.779748014865232793e-03
1.287362349239643227e+05 1.771015499827279524e-03
1.289984268484530476e+05 1.777422951686295815e-03
1.292606187729417870e+05 1.722773600316303971e-03
1.295228106974305119e+05 1.700859958349955044e-03
1.297850026219192368e+05 1.702243501689722303e-03
1.300471945464079618e+05 1.720222372769048469e-03
1.303093864708966867e+05 1.649645271064192724e-03
1.305715783953854116e+05 1.637344851685337919e-03
1.308337703198741365e+05 1.644460324140181859e-03
1.310959622443628614e+05 1.609489383470460002e-03
1.313581541688515863e+05 1.611655372352992872e-03
1.316203460933403112e+05 1.588263646032787944e-03
1.318825380178290361e+05 1.556313810942815427e-03
1.321447299423177610e+05 1.546713092610854006e-03
1.324069218668064859e+05 1.525736542835621915e-03
1.326691137912952108e+05 1.490361009749628998e-03
1.329313057157839357e+05 1.483487341486961668e-03
1.331934976402726606e+05 1.484445747358814410e-03
1.334556895647613856e+05 1.428794312315356677e-03
1.337178814892501105e+05 1.438711766092341977e-03
1.339800734137388354e+05 1.427258309748854863e-03
1.342422653382275603e+05 1.368483950986897502e-03
1.345044572627162852e+05 1.364848878957425609e-03
1.347666491872050101e+05 1.372596971440428549e-03
1.350288411116937350e+05 1.373496240091937525e-03
1.352910330361824890e+05 1.358834296274397764e-03
1.355532249606712139e+05 1.311410971398656658e-03
1.358154168851599388e+05 1.269447685277009987e-03
1.360776088096486637e+05 1.285355206298283755e-03
1.363398007341373886e+05 1.290663784511676161e-03
1.366019926586260844e+05 1.243115386624392155e-03
1.368641845831148094e+05 1.242371159426929918e-03
1.371263765076035343e+05 1.228373922296463645e-03
1.373885684320922883e+05 1.188214367645045637e-03
1.376507603565809841e+05 1.194554144494365273e-03
1.379129522810697381e+05 1.177873331147293251e-03
1.381751442055584339e+05 1.133649897121266409e-03
1.384373361300471879e+05 1.129293396973070698e-03
1.386995280545359128e+05 1.117048480949461289e-03
1.389617199790246377e+05 1.116091626594927248e-03
1.392239119035133626e+05 1.069958224089297442e-03
1.394861038280020875e+05 1.051279904464426764e-03
1.397482957524908124e+05 1.038170811897752522e-03
1.400104876769795083e+05 1.043632614273935820e-03
1.402726796014682623e+05 1.011741695506297983e-03
1.405348715259569872e+05 9.829351538977722322e-04
1.407970634504457121e+05 9.882317608310936616e-04
1.410592553749344370e+05 9.588119311903404995e-04
1.413214472994231619e+05 9.469612681650244361e-04
1.415836392239118868e+05 9.167593986604529116e-04
1.418458311484006117e+05 9.209092054934368572e-04
1.421080230728893366e+05 8.794497920398461734e-04
1.423702149973780615e+05 8.575532588568266466e-04
1.426324069218667864e+05 8.656155576321712588e-04
1.428945988463555404e+05 8.666925233089823721e-04
1.431567907708442362e+05 8.194778203941630729e-04
1.434189826953329903e+05 8.075861473412935740e-04
1.436811746198216861e+05 7.760051000170445270e-04
1.439433665443104110e+05 7.622006062222436151e-04
1.442055584687991359e+05 7.795397789093403383e-04
1.444677503932878608e+05 7.457697920816250834e-04
1.447299423177766148e+05 7.333413218052458465e-04
1.449921342422653106e+05 7.224011479756623335e-04
1.452543261667540646e+05 6.789611098260263725e-04
1.455165180912427604e+05 6.496159064392701939e-04
1.457787100157315144e+05 6.889389547992735494e-04
1.460409019402202102e+05 6.422544506476403868e-04
1.463030938647089642e+05 6.136003149493588632e-04
1.465652857891976892e+05 6.207689728084766264e-04
1.468274777136864141e+05 5.891681490479211891e-04
1.470896696381751390e+05 5.675412468494376661e-04
1.473518615626638348e+05 5.537761712837214372e-04
1.476140534871525888e+05 5.417380046114401862e-04
1.478762454116412846e+05 5.147139063213912848e-04
1.481384373361300386e+05 5.126250948045873090e-04
1.484006292606187344e+05 4.653226532513656541e-04
1.486628211851074884e+05 4.515458648989177583e-04
1.489250131095962133e+05 4.529729889479809060e-04
1.491872050340849382e+05 4.322957384770226090e-04
1.494493969585736631e+05 4.141332928547944653e-04
1.497115888830623880e+05 4.014984201507394734e-04
1.499737808075511130e+05 3.726771932354315856e-04
1.502359727320398379e+05 3.515563012286598474e-04
1.504981646565285628e+05 3.531272681734360492e-04
1.507603565810173168e+05 3.377518888935823966e-04
1.510225485055060126e+05 3.031865745155904769e-04
1.512847404299947375e+05 2.894566057769182126e-04
1.515469323544834624e+05 2.981299767827770629e-04
1.518091242789721873e+05 2.859507352024404699e-04
1.520713162034609122e+05 2.636577372388370765e-04
1.523335081279496371e+05 2.701850891804452441e-04
1.525957000524383911e+05 2.357074942042445968e-04
1.528578919769270869e+05 1.982588099835901128e-04
1.531200839014158410e+05 1.880461490935806973e-04
1.533822758259045368e+05 1.951226486120851496e-04
1.536444677503932908e+05 1.821001202189723178e-04
1.539066596748819866e+05 1.928581271924905782e-04
1.541688515993707406e+05 1.379587207106419461e-04
1.544310435238594364e+05 9.824223783344426255e-05
1.546932354483481613e+05 1.130603348943509033e-04
1.549554273728369153e+05 8.613291520410939139e-05
1.552176192973256111e+05 6.614100275760018100e-05
1.554798112218143651e+05 9.023558304621195664e-05
1.557420031463030609e+05 6.802360661346800320e-05
1.560041950707918149e+05 4.231383916556791204e-05
1.562663869952805107e+05 2.753637415103698426e-05
1.565285789197692648e+05 1.374279575385651220e-05
1.567907708442579897e+05 -2.177521411679423852e-05
1.570529627687467146e+05 -1.885349992998252693e-05
1.573151546932354395e+05 -2.595152664068937695e-05
1.575773466177241644e+05 -6.465722955500806000e-05
1.578395385422128893e+05 -7.604646267390173758e-05
1.581017304667015851e+05 -6.711421872158575958e-05
1.583639223911903391e+05 -9.046256407135076056e-05
1.586261143156790349e+05 -1.268060590923781586e-04
1.588883062401677889e+05 -1.365473375485646396e-04
1.591504981646565138e+05 -1.674607744293038871e-04
1.594126900891452387e+05 -1.657550116968461702e-04
1.596748820136339637e+05 -1.760059394801820917e-04
1.599370739381226886e+05 -1.768823348965925860e-04
1.601992658626114135e+05 -2.254627364467847979e-04
1.604614577871001384e+05 -2.131969396352261230e-04
1.607236497115888633e+05 -2.521740648182027003e-04
1.609858416360776173e+05 -2.610654794634642063e-04
1.612480335605663131e+05 -2.823867320818732344e-04
1.615102254850550671e+05 -2.831286865288268470e-04
1.617724174095437629e+05 -3.317224428319046157e-04
1.620346093340324878e+05 -3.304189045298624354e-04
1.622968012585212127e+05 -3.594887522327987672e-04
1.625589931830099376e+05 -3.909108927756945817e-04
1.628211851074986917e+05 -3.841720776756749273e-04
1.630833770319873875e+05 -4.455098071320684494e-04
1.633455689564761415e+05 -4.340098696851117524e-04
1.636077608809648373e+05 -4.508526567419470247e-04
1.638699528054535913e+05 -4.637560392715189351e-04
1.641321447299422871e+05 -4.915910157981890271e-04
1.643943366544310411e+05 -4.981108744143074134e-04
1.646565285789197369e+05 -5.207761659623814541e-04
1.649187205034084909e+05 -5.328732278694366499e-04
1.651809124278972158e+05 -5.302809730396952029e-04
1.654431043523859116e+05 -5.867519660009386847e-04
1.657052962768746656e+05 -5.965090730319559751e-04
1.659674882013633614e+05 -6.086350500397954980e-04
1.662296801258521155e+05 -6.016030949807828210e-04
1.664918720503408113e+05 -6.660340823407319161e-04
1.667540639748295653e+05 -6.280799649660803773e-04
1.670162558993182902e+05 -7.013250398106857112e-04
1.672784478238070151e+05 -7.106852365118586715e-04
1.675406397482957400e+05 -7.156433425094086039e-04
1.678028316727844649e+05 -7.269952393853062024e-04
1.680650235972731898e+05 -7.591845896884361978e-04
1.683272155217619147e+05 -7.855793755997503118e-04
1.685894074462506396e+05 -7.810853364426257597e-04
1.688515993707393936e+05 -8.195267063053673830e-04
1.691137912952280894e+05 -8.060390341389018143e-04
1.693759832197168143e+05 -8.475409975281966886e-04
1.696381751442055393e+05 -8.599797822320430019e-04
1.699003670686942642e+05 -8.626853604845914755e-04
1.701625589931829891e+05 -8.443016205425139592e-04
1.704247509176717140e+05 -8.978429103746397551e-04
1.706869428421604389e+05 -9.066725006099312983e-04
1.709491347666491638e+05 -9.166536113583757285e-04
1.712113266911379178e+05 -9.492630310427682856e-04
1.714735186156266136e+05 -9.520064510014881413e-04
1.717357105401153676e+05 -9.703224573477867284e-04
1.719979024646040634e+05 -9.515323293913699161e-04
1.722600943890928174e+05 -9.790311752979705823e-04
1.725222863135815132e+05 -9.914850523527931735e-04
1.727844782380702381e+05 -1.020059156900558544e-03
1.730466701625589922e+05 -1.006013805755525065e-03
1.733088620870476880e+05 -1.071866521904950341e-03
1.735710540115364420e+05 -1.074089659195075772e-03
1.738332459360251378e+05 -1.058131810599454228e-03
1.740954378605138918e+05 -1.088984429883679090e-03
1.743576297850025876e+05 -1.095991182341497089e-03
1.746198217094913416e+05 -1.136121021556998293e-03
1.748820136339800374e+05 -1.142680988673164906e-03
1.751442055584687914e+05 -1.183436660532851889e-03
1.754063974829575163e+05 -1.158509822055015914e-03
1.756685894074462412e+05 -1.214532850722287692e-03
1.759307813319349661e+05 -1.212859259219845835e-03
1.761929732564236620e+05 -1.249359238119538643e-03
1.764551651809124160e+05 -1.253390505488519375e-03
1.767173571054011118e+05 -1.276841933813134371e-03
1.769795490298898658e+05 -1.284495417683468406e-03
1.772417409543785907e+05 -1.327195428185311190e-03
1.775039328788673156e+05 -1.335898581099662173e-03
1.777661248033560405e+05 -1.350145618948617047e-03
1.780283167278447654e+05 -1.391803112336872060e-03
1.782905086523334903e+05 -1.347055376667291972e-03
1.785527005768222152e+05 -1.417627429468651910e-03
1.788148925013109401e+05 -1.428550146594046149e-03
1.790770844257996941e+05 -1.444046289540360482e-03
1.793392763502883899e+05 -1.453671625139391988e-03
1.796014682747771440e+05 -1.497630896227635736e-03
1.798636601992658398e+05 -1.462736455565980193e-03
1.801258521237545647e+05 -1.512620257923365285e-03
1.803880440482432896e+05 -1.523047810770404402e-03
1.806502359727320145e+05 -1.521561804397490508e-03
1.809124278972207394e+05 -1.563419411633084309e-03
1.811746198217094643e+05 -1.571802160160886688e-03
1.814368117461982183e+05 -1.580465289942361434e-03
1.816990036706869141e+05 -1.577367046270142107e-03
1.819611955951756681e+05 -1.654263953028281726e-03
1.822233875196643639e+05 -1.624554703126942796e-03
1.824855794441531179e+05 -1.641646686576128493e-03
1.827477713686418138e+05 -1.665765147906026226e-03
1.830099632931305678e+05 -1.689978358010778108e-03
1.832721552176192927e+05 -1.685849859008112369e-03
1.835343471421079885e+05 -1.734254034156161150e-03
1.837965390665967425e+05 -1.736376342462982647e-03
1.840587309910854383e+05 -1.716799397216425306e-03
1.843209229155741923e+05 -1.764928189127407988e-03
1.845831148400628881e+05 -1.779876826155035122e-03
1.848453067645516421e+05 -1.794883733166800213e-03
1.851074986890403670e+05 -1.785116417671482689e-03
1.853696906135290919e+05 -1.839411306582106704e-03
1.856318825380178168e+05 -1.821303261347420946e-03
1.858940744625065417e+05 -1.863387797421201756e-03
1.861562663869952667e+05 -1.878101622598863816e-03
1.864184583114839916e+05 -1.886835728910070658e-03
1.866806502359727165e+05 -1.905927608774297000e-03
1.869428421604614123e+05 -1.926220061841724639e-03
1.872050340849501663e+05 -1.927792089727601221e-03
1.874672260094388912e+05 -1.951892115425204761e-03
1.877294179339276161e+05 -2.008693042377877446e-03
1.879916098584163410e+05 -1.981710288175274250e-03
1.882538017829050659e+05 -2.020190620375814788e-03
1.885159937073937908e+05 -2.018788566020473640e-03
1.887781856318825157e+05 -2.068729970757353029e-03
1.890403775563712406e+05 -2.060541132026977827e-03
1.893025694808599947e+05 -2.102078096663346010e-03
1.895647614053486905e+05 -2.116591231862032310e-03
1.898269533298374445e+05 -2.143108753909731424e-03
1.900891452543261403e+05 -2.163148871983919686e-03
1.903513371788148943e+05 -2.160008720333480084e-03
1.906135291033035901e+05 -2.197813655065937108e-03
1.908757210277923150e+05 -2.203324866888883155e-03
1.911379129522810399e+05 -2.274965947776700758e-03
1.914001048767697648e+05 -2.244709661998341241e-03
1.916622968012585188e+05 -2.266538274279112676e-03
1.919244887257472146e+05 -2.255262354030462130e-03
1.921866806502359686e+05 -2.318016343605494318e-03
1.924488725747246644e+05 -2.309948584466152161e-03
1.927110644992134185e+05 -2.341726032228226301e-03
1.929732564237021143e+05 -2.344471312191661293e-03
1.932354483481908683e+05 -2.334904365100208806e-03
1.934976402726795932e+05 -2.363963691264247841e-03
1.937598321971683181e+05 -2.373534991328090857e-03
1.940220241216570430e+05 -2.407770897174651894e-03
1.942842160461457388e+05 -2.401806234800382515e-03
1.945464079706344928e+05 -2.412848085165053384e-03
1.948085998951231886e+05 -2.425788067061082284e-03
1.950707918196119426e+05 -2.465373023312865831e-03
1.953329837441006675e+05 -2.455834924449956311e-03
1.955951756685893924e+05 -2.469683700033166278e-03
1.958573675930781174e+05 -2.491881211144488222e-03
1.961195595175668423e+05 -2.521063380164615102e-03
1.963817514420555672e+05 -2.527840737484745963e-03
1.966439433665442921e+05 -2.524219845819514543e-03
1.969061352910330170e+05 -2.552433983464978077e-03
1.971683272155217419e+05 -2.563135623390511326e-03
1.974305191400104668e+05 -2.605438426257550375e-03
1.976927110644992208e+05 -2.584515079518458127e-03
1.979549029889879166e+05 -2.613621244891055351e-03
1.982170949134766415e+05 -2.641867927158199608e-03
1.984792868379653664e+05 -2.661696747498744180e-03
1.987414787624540913e+05 -2.657703575874460506e-03
1.990036706869428162e+05 -2.704674087571073884e-03
1.992658626114315412e+05 -2.712395529929153334e-03
1.995280545359202952e+05 -2.708368724205892798e-03
1.997902464604089910e+05 -2.738040529507247689e-03
2.000524383848977450e+05 -2.746007638307537430e-03
2.003146303093864408e+05 -2.775425279744130839e-03
2.005768222338751948e+05 -2.778880863217752552e-03
2.008390141583638906e+05 -2.804613022295438570e-03
2.011012060828526446e+05 -2.796818654851867571e-03
2.013633980073413695e+05 -2.838987030354993973e-03
2.016255899318300653e+05 -2.850592326825336642e-03
2.018877818563188193e+05 -2.859780255773834105e-03
2.021499737808075151e+05 -2.883203618115439890e-03
2.024121657052962692e+05 -2.917108998853364023e-03
2.026743576297849650e+05 -2.912198402404123868e-03
2.029365495542737190e+05 -2.933149102371412475e-03
2.031987414787624148e+05 -2.960282030991000408e-03
2.034609334032511688e+05 -2.935791960176033395e-03
2.037231253277398937e+05 -2.990075349444689789e-03
2.039853172522286186e+05 -3.013152800731772399e-03
2.042475091767173435e+05 -3.028650275401756440e-03
2.045097011012060684e+05 -3.034564928499403243e-03
2.047718930256947933e+05 -3.038688376750247645e-03
2.050340849501834891e+05 -3.045703682614951408e-03
2.052962768746722431e+05 -3.080643259113552326e-03
2.055584687991609680e+05 -3.110454870080938631e-03
2.058206607236496930e+05 -3.118983005738527360e-03
2.060828526481384179e+05 -3.136165118699436784e-03
2.063450445726271428e+05 -3.162862731190903189e-03
2.066072364971158677e+05 -3.179435001684284209e-03
2.068694284216045926e+05 -3.168959746126835935e-03
2.071316203460933175e+05 -3.224476829681079040e-03
2.073938122705820424e+05 -3.232754975296889266e-03
2.076560041950707673e+05 -3.221479477700088870e-03
2.079181961195595213e+05 -3.245254476014051460e-03
2.081803880440482171e+05 -3.290922698723324803e-03
2.084425799685369711e+05 -3.293698882500242439e-03
2.087047718930256669e+05 -3.304263317418519846e-03
2.089669638175143918e+05 -3.319793307699939015e-03
2.092291557420031168e+05 -3.347045964190998625e-03
2.094913476664918417e+05 -3.351761186919407880e-03
2.097535395909805957e+05 -3.399522648916004572e-03
2.100157315154692915e+05 -3.391193019358807771e-03
2.102779234399580455e+05 -3.406196520410082439e-03
2.105401153644467413e+05 -3.445512221984874026e-03
2.108023072889354953e+05 -3.447556207019810640e-03
2.110644992134241911e+05 -3.444291243491008538e-03
2.113266911379129451e+05 -3.498212049670477043e-03
2.115888830624016700e+05 -3.505664945194906634e-03
2.118510749868903949e+05 -3.513793806049093655e-03
2.121132669113791198e+05 -3.556015933676606559e-03
2.123754588358678157e+05 -3.536033448499440335e-03
2.126376507603565697e+05 -3.542922803831177834e-03
2.128998426848452655e+05 -3.564063607073140582e-03
2.131620346093340195e+05 -3.595960132756589617e-03
2.134242265338227153e+05 -3.585954730303363060e-03
2.136864184583114693e+05 -3.624366251658153910e-03
2.139486103828001942e+05 -3.632559363865741839e-03
2.142108023072889191e+05 -3.645338335074622266e-03
2.144729942317776440e+05 -3.669882820283836260e-03
2.147351861562663689e+05 -3.694009046921372004e-03
2.149973780807550938e+05 -3.702418801204489761e-03
2.152595700052438187e+05 -3.721063054477115242e-03
2.155217619297325436e+05 -3.741013128376149618e-03
2.157839538542212686e+05 -3.746631622240885820e-03
2.160461457787099935e+05 -3.771494317911143392e-03
2.163083377031987184e+05 -3.783691512638417444e-03
2.165705296276874433e+05 -3.808357110099469967e-03
2.168327215521761682e+05 -3.806631038270329170e-03
2.170949134766648931e+05 -3.822403499779504499e-03
2.173571054011536180e+05 -3.850988758186299835e-03
2.176192973256423429e+05 -3.871052778785444379e-03
2.178814892501310678e+05 -3.879122802456540491e-03
2.181436811746198218e+05 -3.877629177437673554e-03
2.184058730991085176e+05 -3.904006877415204524e-03
2.186680650235972716e+05 -3.918738083877978083e-03
2.189302569480859675e+05 -3.966388099322939141e-03
2.191924488725747215e+05 -3.943004123274109624e-03
2.194546407970634173e+05 -3.984207233392940417e-03
2.197168327215521422e+05 -4.002456438873890944e-03
2.199790246460408962e+05 -4.029040893461466495e-03
2.202412165705295920e+05 -4.028494395684889019e-03
2.205034084950183460e+05 -4.059171003359641865e-03
2.207656004195070418e+05 -4.073824914741841496e-03
2.210277923439957958e+05 -4.102063151397152170e-03
2.212899842684844916e+05 -4.113659193262392613e-03
2.215521761929732456e+05 -4.134350606436499286e-03
2.218143681174619705e+05 -4.167858865645094647e-03
2.220765600419506954e+05 -4.155658222937177841e-03
2.223387519664394204e+05 -4.194059985486892593e-03
2.226009438909281453e+05 -4.207703907779262488e-03
2.228631358154168702e+05 -4.202355074515407365e-03
2.231253277399055660e+05 -4.224588921884615128e-03
2.233875196643943200e+05 -4.255985062563250043e-03
2.236497115888830158e+05 -4.264279998962557799e-03
2.239119035133717698e+05 -4.268463077148860335e-03
2.241740954378604947e+05 -4.300029742992880245e-03
2.244362873623492196e+05 -4.296024168589219691e-03
2.246984792868379445e+05 -4.342151915339697958e-03
2.249606712113266694e+05 -4.359640477571753540e-03
2.252228631358153943e+05 -4.363752779328650480e-03
2.254850550603041193e+05 -4.377729150648003963e-03
2.257472469847928442e+05 -4.388368611581027270e-03
2.260094389092815982e+05 -4.394539783331156274e-03
2.262716308337702940e+05 -4.428532149771275891e-03
2.265338227582590189e+05 -4.461319610085090134e-03
2.267960146827477438e+05 -4.447653772149018532e-03
2.270582066072364687e+05 -4.487893574406842147e-03
2.273203985317251936e+05 -4.502967310295594855e-03
2.275825904562139185e+05 -4.522989651940410340e-03
2.278447823807026725e+05 -4.522595253897109847e-03
2.281069743051913683e+05 -4.546079311758713208e-03
2.283691662296801223e+05 -4.533760651466440215e-03
2.286313581541688181e+05 -4.559766633595772889e-03
2.288935500786575722e+05 -4.591585000643741594e-03
2.291557420031462680e+05 -4.609385796307556050e-03
2.294179339276350220e+05 -4.597540197193315283e-03
2.296801258521237178e+05 -4.642491403641302132e-03
2.299423177766124718e+05 -4.666257120735489358e-03
2.302045097011011967e+05 -4.668545057889966765e-03
2.304667016255898925e+05 -4.675186769377032148e-03
2.307288935500786465e+05 -4.699325847213347077e-03
2.309910854745673423e+05 -4.708888677138235723e-03
2.312532773990560963e+05 -4.750115537820804451e-03
2.315154693235447921e+05 -4.741006732649637873e-03
2.317776612480335461e+05 -4.741187076345760448e-03
2.320398531725222711e+05 -4.790750252738939889e-03
2.323020450970109960e+05 -4.807547253779772926e-03
2.325642370214997209e+05 -4.809382992477300063e-03
2.328264289459884458e+05 -4.833348309395002138e-03
2.330886208704771707e+05 -4.866547601269514793e-03
2.333508127949658956e+05 -4.858084687823159033e-03
2.336130047194546205e+05 -4.868622468521490235e-03
2.338751966439433163e+05 -4.889574066740383883e-03
2.341373885684320703e+05 -4.925262680959671159e-03
2.343995804929207952e+05 -4.929964125059998169e-03
2.346617724174095201e+05 -4.957286145338595310e-03
2.349239643418982450e+05 -4.982163392239602299e-03
2.351861562663869699e+05 -4.975615985302580049e-03
2.354483481908756949e+05 -5.012465680884278449e-03
2.357105401153644198e+05 -5.012148637718863084e-03
2.359727320398531447e+05 -5.015668125451608339e-03
2.362349239643418987e+05 -5.025132150601217991e-03
2.364971158888305945e+05 -5.075697343772681003e-03
2.367593078133193485e+05 -5.079459850334982693e-03
