0.000000000000000000e+00 1.169554592082800021e-01
2.621919244887257037e+02 1.176298131569337158e-01
5.243838489774514073e+02 1.147856391972222057e-01
7.865757734661772247e+02 1.130884960980560738e-01
1.048767697954902815e+03 1.064795986576181908e-01
1.310959622443628632e+03 1.019900293727303286e-01
1.573151546932354449e+03 1.071420766367941063e-01
1.835343471421080039e+03 1.127184657422954650e-01
2.097535395909805629e+03 1.145431761129949294e-01
2.359727320398531447e+03 1.104877411803969756e-01
2.621919244887257264e+03 1.103658828024840916e-01
2.884111169375982627e+03 1.056282176259710492e-01
3.146303093864708899e+03 9.882196689743520668e-02
3.408495018353434716e+03 1.058469201873682430e-01
3.670686942842160079e+03 1.076712192398152496e-01
3.932878867330885896e+03 1.030921856190096658e-01
4.195070791819611259e+03 1.080751406605318793e-01
4.457262716308337076e+03 1.021507855002533327e-01
4.719454640797062893e+03 9.678334823699911993e-02
4.981646565285788711e+03 9.690695619383658810e-02
5.243838489774514528e+03 9.637657153702329504e-02
5.506030414263239436e+03 1.032259232935509030e-01
5.768222338751965253e+03 9.430050211015304773e-02
6.030414263240691071e+03 8.740613392644516755e-02
6.292606187729417798e+03 8.632315746060113815e-02
6.554798112218143615e+03 9.162204161163259308e-02
6.816990036706869432e+03 9.625994531097417650e-02
7.079181961195594340e+03 8.829497135943502328e-02
7.341373885684320157e+03 9.429800979052124776e-02
7.603565810173045975e+03 9.168797100068704076e-02
7.865757734661771792e+03 8.427328714398982235e-02
8.127949659150497610e+03 8.720126777748923863e-02
8.390141583639222517e+03 9.221814126838534520e-02
8.652333508127949244e+03 8.734070527960771657e-02
8.914525432616674152e+03 8.821353147426921892e-02
9.176717357105400879e+03 8.802075741003013987e-02
9.438909281594125787e+03 8.476163378401789517e-02
9.701101206082850695e+03 9.049128204289455524e-02
9.963293130571577422e+03 8.610723177827203645e-02
1.022548505506030233e+04 8.712141884712554241e-02
1.048767697954902906e+04 8.546532776589844949e-02
1.074986890403775396e+04 8.893561802297376973e-02
1.101206082852647887e+04 8.572930811150772379e-02
1.127425275301520560e+04 8.650318589824884663e-02
1.153644467750393051e+04 7.939302210434051599e-02
1.179863660199265723e+04 7.715306335569180329e-02
1.206082852648138214e+04 8.012022756509964982e-02
1.232302045097010887e+04 8.633527333943145921e-02
1.258521237545883560e+04 8.032334376332166126e-02
1.284740429994756050e+04 8.450753944238612037e-02
1.310959622443628723e+04 8.424883091636849175e-02
1.337178814892501214e+04 7.857530363783517269e-02
1.363398007341373886e+04 8.290511060242036767e-02
1.389617199790246377e+04 7.710495881291845599e-02
1.415836392239118868e+04 7.854771347834371698e-02
1.442055584687991541e+04 7.676030761013863390e-02
1.468274777136864031e+04 7.943008517883337616e-02
1.494493969585736704e+04 7.417471259208004153e-02
1.520713162034609195e+04 7.668420535971968988e-02
1.546932354483481868e+04 8.087853737188743786e-02
1.573151546932354358e+04 7.982317273055845874e-02
1.599370739381226849e+04 7.756526880336024610e-02
1.625589931830099522e+04 7.707436539887278781e-02
1.651809124278972013e+04 7.642057019063432100e-02
1.678028316727844503e+04 7.749709074888216920e-02
1.704247509176717358e+04 7.924264483254717106e-02
1.730466701625589849e+04 7.637497383722230415e-02
1.756685894074462340e+04 7.713652994716714562e-02
1.782905086523334830e+04 7.745375658469104418e-02
1.809124278972207685e+04 7.514336151426835586e-02
1.835343471421080176e+04 7.395682695362565395e-02
1.861562663869952667e+04 7.641561751641247346e-02
1.887781856318825157e+04 7.116918459579155143e-02
1.914001048767698012e+04 7.129897797747658528e-02
1.940220241216570139e+04 7.530280529690383529e-02
1.966439433665442994e+04 7.009782050326127112e-02
1.992658626114315484e+04 7.400890388579974000e-02
2.018877818563188339e+04 7.344022368801314538e-02
2.045097011012060466e+04 7.096631126179422933e-02
2.071316203460933320e+04 7.340724131814183040e-02
2.097535395909805811e+04 7.232645401886819703e-02
2.123754588358678302e+04 6.684359579652461580e-02
2.149973780807550793e+04 7.045705261872346747e-02
2.176192973256423647e+04 6.912591754213452677e-02
2.202412165705295774e+04 7.231367874637821547e-02
2.228631358154168629e+04 7.161343170208513131e-02
2.254850550603041120e+04 7.126271478744797272e-02
2.281069743051913974e+04 7.184351104616337746e-02
2.307288935500786101e+04 6.990072331646443593e-02
2.333508127949658956e+04 6.907296136554864907e-02
2.359727320398531447e+04 6.624429561909161990e-02
2.385946512847403937e+04 6.645052659777657411e-02
2.412165705296276428e+04 7.137656947745060765e-02
2.438384897745149283e+04 7.178261835323399009e-02
2.464604090194021774e+04 7.063848910178742446e-02
2.490823282642894264e+04 7.129164067012191963e-02
2.517042475091767119e+04 6.886408936276519621e-02
2.543261667540639610e+04 6.572272653455131508e-02
2.569480859989512101e+04 6.356189913930594682e-02
2.595700052438384591e+04 6.278701145839571396e-02
2.621919244887257446e+04 6.606910548009713169e-02
2.648138437336129937e+04 6.666278134659295307e-02
2.674357629785002428e+04 6.842405126081388400e-02
2.700576822233874918e+04 7.094148653282932038e-02
2.726796014682747773e+04 6.902626122747959614e-02
2.753015207131619900e+04 6.790796184126640656e-02
2.779234399580492754e+04 6.594416964165164541e-02
2.805453592029365245e+04 6.626587805636297013e-02
2.831672784478237736e+04 6.355655100361505550e-02
2.857891976927110227e+04 6.251025163286823283e-02
2.884111169375983081e+04 6.803936419166614624e-02
2.910330361824855572e+04 6.827350319373616527e-02
2.936549554273728063e+04 6.425077457214030396e-02
2.962768746722600554e+04 6.747306752932849538e-02
2.988987939171473408e+04 6.879682474997952935e-02
3.015207131620345535e+04 6.468141054121022415e-02
3.041426324069218390e+04 6.572985464193778493e-02
3.067645516518090881e+04 6.645779714583044395e-02
3.093864708966963735e+04 6.328260952728897992e-02
3.120083901415835862e+04 6.564976049522601442e-02
3.146303093864708717e+04 6.688108447597787554e-02
3.172522286313581208e+04 6.565853883242056543e-02
3.198741478762453698e+04 6.671364352053357760e-02
3.224960671211326189e+04 6.403383047676250439e-02
3.251179863660199044e+04 6.490950356023128531e-02
3.277399056109071535e+04 6.577969212464512827e-02
3.303618248557944025e+04 6.352720539628288476e-02
3.329837441006816516e+04 6.462013215759955520e-02
3.356056633455689007e+04 6.565008209605775746e-02
3.382275825904562225e+04 6.516868511601821290e-02
3.408495018353434716e+04 6.053450405989371091e-02
3.434714210802307207e+04 5.910192426835372825e-02
3.460933403251179698e+04 6.187005381671323301e-02
3.487152595700052188e+04 6.095558834243058888e-02
3.513371788148924679e+04 6.118566827069873981e-02
3.539590980597797170e+04 6.170106395943522615e-02
3.565810173046669661e+04 6.230716373961863591e-02
3.592029365495542152e+04 6.318558171748536734e-02
3.618248557944415370e+04 6.340656483194359594e-02
3.644467750393287861e+04 6.083204736351299768e-02
3.670686942842160352e+04 6.260124882972553650e-02
3.696906135291032115e+04 5.949175220954188575e-02
3.723125327739905333e+04 5.902871376805387399e-02
3.749344520188777824e+04 6.175317494704052335e-02
3.775563712637650315e+04 6.227235086687588073e-02
3.801782905086522806e+04 6.311728297033677992e-02
3.828002097535396024e+04 6.135965263470925801e-02
3.854221289984268515e+04 6.170980452564756025e-02
3.880440482433140278e+04 6.233645887452159834e-02
3.906659674882012769e+04 6.161601780227522057e-02
3.932878867330885987e+04 6.047588182231210252e-02
3.959098059779758478e+04 6.027095305922650081e-02
3.985317252228630969e+04 6.062091920331917627e-02
4.011536444677503459e+04 6.024934354516650603e-02
4.037755637126376678e+04 6.286387771941503999e-02
4.063974829575248441e+04 6.009065731126028015e-02
4.090194022024120932e+04 5.962320040299214780e-02
4.116413214472993423e+04 6.247404331890622775e-02
4.142632406921866641e+04 6.107827935096449279e-02
4.168851599370739132e+04 5.718913177241485152e-02
4.195070791819611622e+04 5.919112172182878356e-02
4.221289984268484841e+04 5.913801620908169104e-02
4.247509176717356604e+04 5.788342236007928965e-02
4.273728369166229095e+04 5.941822241647871233e-02
4.299947561615101586e+04 5.922307320148582910e-02
4.326166754063974804e+04 5.787002180618922714e-02
4.352385946512847295e+04 5.658713627207346414e-02
4.378605138961719786e+04 5.587386724512455327e-02
4.404824331410591549e+04 5.795417940012220770e-02
4.431043523859464767e+04 5.555947008959473410e-02
4.457262716308337258e+04 5.810083994440710248e-02
4.483481908757209749e+04 5.748100520967761029e-02
4.509701101206082240e+04 5.909898242553025122e-02
4.535920293654955458e+04 5.705950671273106456e-02
4.562139486103827949e+04 5.899231833463195601e-02
4.588358678552699712e+04 5.792155705493528400e-02
4.614577871001572203e+04 5.970117067802151178e-02
4.640797063450445421e+04 5.818425638396894362e-02
4.667016255899317912e+04 5.819776617811529135e-02
4.693235448348190403e+04 5.919248069110088356e-02
4.719454640797062893e+04 5.808394620912876033e-02
4.745673833245936112e+04 5.795721027794580038e-02
4.771893025694807875e+04 5.690998588429562605e-02
4.798112218143680366e+04 5.707606194082753132e-02
4.824331410592552857e+04 5.492259439738545607e-02
4.850550603041426075e+04 5.845221032521714238e-02
4.876769795490298566e+04 5.835402335398292423e-02
4.902988987939171056e+04 5.897070883688277504e-02
4.929208180388043547e+04 5.681873596807866106e-02
4.955427372836916038e+04 5.814130524060581728e-02
4.981646565285788529e+04 5.669271044929818926e-02
5.007865757734661020e+04 5.749350127163626450e-02
5.034084950183534238e+04 5.791310841515144581e-02
5.060304142632406729e+04 5.738576900559943378e-02
5.086523335081279220e+04 5.617195276567108625e-02
5.112742527530151710e+04 5.542909867717882300e-02
5.138961719979024201e+04 5.732855915396310731e-02
5.165180912427896692e+04 5.814500362984631465e-02
5.191400104876769183e+04 5.660198800468428659e-02
5.217619297325641674e+04 5.822161429149352169e-02
5.243838489774514892e+04 5.603016676699675708e-02
5.270057682223387383e+04 5.527027127288035302e-02
5.296276874672259873e+04 5.580856524388205092e-02
5.322496067121131637e+04 5.491854587289646261e-02
5.348715259570004855e+04 5.633929660152713764e-02
5.374934452018877346e+04 5.609795299619055320e-02
5.401153644467749837e+04 5.581334420298787041e-02
5.427372836916622327e+04 5.662610591744387384e-02
5.453592029365495546e+04 5.815569857876578402e-02
5.479811221814368037e+04 5.414829821249903669e-02
5.506030414263239800e+04 5.621747302468372426e-02
5.532249606712112291e+04 5.435915090965492968e-02
5.558468799160985509e+04 5.453043857996138499e-02
5.584687991609858000e+04 5.677822353379897297e-02
5.610907184058730491e+04 5.535959903442853880e-02
5.637126376507602981e+04 5.416121472751314614e-02
5.663345568956475472e+04 5.605056464446279280e-02
5.689564761405347963e+04 5.485628416826478226e-02
5.715783953854220454e+04 5.454496109220803579e-02
5.742003146303092944e+04 5.737697020626612854e-02
5.768222338751966163e+04 5.536032473219154593e-02
5.794441531200838654e+04 5.531324876878544045e-02
5.820660723649711144e+04 5.519626873147970986e-02
5.846879916098582908e+04 5.345952399098043845e-02
5.873099108547456126e+04 5.488279273787136786e-02
5.899318300996328617e+04 5.551993019395026763e-02
5.925537493445201108e+04 5.338010281146111924e-02
5.951756685894074326e+04 5.385249482365478402e-02
5.977975878342946817e+04 5.415905055943312507e-02
6.004195070791819307e+04 5.439860826221072643e-02
6.030414263240691071e+04 5.591718491833778948e-02
6.056633455689564289e+04 5.449214884308647283e-02
6.082852648138436780e+04 5.520308438940595835e-02
6.109071840587309271e+04 5.444465085108081415e-02
6.135291033036181761e+04 5.227988753850701387e-02
6.161510225485054980e+04 5.515346614084527810e-02
6.187729417933927471e+04 5.368029040846678673e-02
6.213948610382799234e+04 5.476876776016640497e-02
6.240167802831671725e+04 5.450360537281106338e-02
6.266386995280544943e+04 5.492879082883524861e-02
6.292606187729417434e+04 5.413322399272200297e-02
6.318825380178289925e+04 5.512077438025428378e-02
6.345044572627162415e+04 5.310618979238820175e-02
6.371263765076035634e+04 5.594652458857687916e-02
6.397482957524907397e+04 5.317068187507487803e-02
6.423702149973779888e+04 5.493502006288786266e-02
6.449921342422652378e+04 5.277801605889945874e-02
6.476140534871525597e+04 5.308747823169848029e-02
6.502359727320398088e+04 5.344522352565026641e-02
6.528578919769270578e+04 5.237476047870779500e-02
6.554798112218143069e+04 5.186964815453541655e-02
6.581017304667015560e+04 5.101105316513195043e-02
6.607236497115888051e+04 5.194652164391631854e-02
6.633455689564760542e+04 5.166608027142102766e-02
6.659674882013633032e+04 5.296331911314999114e-02
6.685894074462505523e+04 5.407286432002879339e-02
6.712113266911378014e+04 5.242644250906089431e-02
6.738332459360250505e+04 5.092807758032499854e-02
6.764551651809124451e+04 5.333640866158319283e-02
6.790770844257996941e+04 5.221509838228410166e-02
6.816990036706869432e+04 5.399124798532825564e-02
6.843209229155740468e+04 5.331724700207760709e-02
6.869428421604614414e+04 5.290704903527903430e-02
6.895647614053486905e+04 5.431859196978538334e-02
6.921866806502359395e+04 5.334383387068862559e-02
6.948085998951231886e+04 5.344563833049920110e-02
6.974305191400104377e+04 5.345950831312685364e-02
7.000524383848975413e+04 5.372363733141635039e-02
7.026743576297849359e+04 5.177462736438129959e-02
7.052962768746721849e+04 5.385149775930455490e-02
7.079181961195594340e+04 5.233806183883787239e-02
7.105401153644466831e+04 5.152033826251079668e-02
7.131620346093339322e+04 5.364935059271084411e-02
7.157839538542211812e+04 5.112085881707569002e-02
7.184058730991084303e+04 5.253352272186568445e-02
7.210277923439956794e+04 4.941731832497426452e-02
7.236497115888830740e+04 5.120195745012755262e-02
7.262716308337703231e+04 5.106579315857956436e-02
7.288935500786575722e+04 5.187623318675596562e-02
7.315154693235448212e+04 5.290834980355650641e-02
7.341373885684320703e+04 5.177240003102137611e-02
7.367593078133191739e+04 4.963357064181819073e-02
7.393812270582064230e+04 5.218531998160541585e-02
7.420031463030936720e+04 5.148250499678036496e-02
7.446250655479810666e+04 5.107135911126899075e-02
7.472469847928683157e+04 5.308437456604402083e-02
7.498689040377555648e+04 5.224885340880171258e-02
7.524908232826428139e+04 5.209776749016221259e-02
7.551127425275300629e+04 5.381806525353587806e-02
7.577346617724173120e+04 5.220039514484512561e-02
7.603565810173045611e+04 5.195981978083169528e-02
7.629785002621919557e+04 5.041906802283091515e-02
7.656004195070792048e+04 5.119801247216519691e-02
7.682223387519664539e+04 5.268368989850676781e-02
7.708442579968537029e+04 5.180920661405748195e-02
7.734661772417408065e+04 5.409179423689191440e-02
7.760880964866280556e+04 5.130885728586099398e-02
7.787100157315153047e+04 5.239260968834266036e-02
7.813319349764025537e+04 5.425663194907826004e-02
7.839538542212899483e+04 5.134380919804665266e-02
7.865757734661771974e+04 5.112181735097326429e-02
7.891976927110644465e+04 5.290117952558105741e-02
7.918196119559516956e+04 5.223457815126996556e-02
7.944415312008389446e+04 5.172981290964401291e-02
7.970634504457261937e+04 5.080255604522208868e-02
7.996853696906134428e+04 5.242925096276726538e-02
8.023072889355006919e+04 5.144076046259212637e-02
8.049292081803880865e+04 5.257526624860471565e-02
8.075511274252753356e+04 5.063197224473168362e-02
8.101730466701624391e+04 5.110083114293341444e-02
8.127949659150496882e+04 5.246760448750042299e-02
8.154168851599369373e+04 5.110233108449386413e-02
8.180388044048241863e+04 5.039775798845274463e-02
8.206607236497114354e+04 5.011955723538689955e-02
8.232826428945986845e+04 5.162874712424821155e-02
8.259045621394860791e+04 5.092194062180509240e-02
8.285264813843733282e+04 5.132010866105162633e-02
8.311484006292605773e+04 5.066109790663417267e-02
8.337703198741478263e+04 5.087550969274453466e-02
8.363922391190350754e+04 5.443969214540973073e-02
8.390141583639223245e+04 5.103539075193189861e-02
8.416360776088095736e+04 5.046632360200100503e-02
8.442579968536969682e+04 5.008179489546956548e-02
8.468799160985840717e+04 4.985968476694992851e-02
8.495018353434713208e+04 5.129258915461557683e-02
8.521237545883585699e+04 5.068808486379627887e-02
8.547456738332458190e+04 4.878056757417648798e-02
8.573675930781330680e+04 5.034702534946433605e-02
8.599895123230203171e+04 5.023804520180517180e-02
8.626114315679075662e+04 4.968934526227295617e-02
8.652333508127949608e+04 5.203646575035823091e-02
8.678552700576822099e+04 5.033032402241662678e-02
8.704771893025694590e+04 5.006773744174884688e-02
8.730991085474567080e+04 4.941410120464823086e-02
8.757210277923439571e+04 5.080941993133806373e-02
8.783429470372312062e+04 4.960600851236476871e-02
8.809648662821183098e+04 5.087677742316902563e-02
8.835867855270055588e+04 5.166549412001731484e-02
8.862087047718929534e+04 4.752488693433930961e-02
8.888306240167802025e+04 4.880656696063486594e-02
8.914525432616674516e+04 4.935991727870953083e-02
8.940744625065547007e+04 4.952191094753178452e-02
8.966963817514419497e+04 4.906858782096630567e-02
8.993183009963291988e+04 5.020077305488603731e-02
9.019402202412164479e+04 5.083365254590264254e-02
9.045621394861036970e+04 4.923472266808173042e-02
9.071840587309910916e+04 4.883409824752654033e-02
9.098059779758783407e+04 4.937188499247835427e-02
9.124278972207655897e+04 4.939868696313332030e-02
9.150498164656528388e+04 5.125682933939036678e-02
9.176717357105399424e+04 4.997882804680571500e-02
9.202936549554271915e+04 4.884147886431983859e-02
9.229155742003144405e+04 5.118604271498292113e-02
9.255374934452018351e+04 5.015297860160869425e-02
9.281594126900890842e+04 4.930295481097225763e-02
9.307813319349763333e+04 4.948389585744843860e-02
9.334032511798635824e+04 4.843414826167297127e-02
9.360251704247508314e+04 4.936542135243479623e-02
9.386470896696380805e+04 4.922442383932632004e-02
9.412690089145253296e+04 5.052532304921127787e-02
9.438909281594125787e+04 4.898394737937279697e-02
9.465128474042999733e+04 4.930112254726451426e-02
9.491347666491872224e+04 5.125324950711643290e-02
9.517566858940744714e+04 4.848050569196297316e-02
9.543786051389615750e+04 4.897910374711286069e-02
9.570005243838488241e+04 4.946799759603348612e-02
9.596224436287360732e+04 5.009551613582401836e-02
9.622443628736233222e+04 5.025451833429296633e-02
9.648662821185105713e+04 4.871052674149578543e-02
9.674882013633979659e+04 4.905539975702576799e-02
9.701101206082852150e+04 4.900390589057446178e-02
9.727320398531724641e+04 4.873262577172364496e-02
9.753539590980597131e+04 4.817991265303005199e-02
9.779758783429469622e+04 4.834928685448274671e-02
9.805977975878342113e+04 5.024338736713911124e-02
9.832197168327214604e+04 4.798696842956869102e-02
9.858416360776087095e+04 4.781159868374333655e-02
9.884635553224961041e+04 4.975144305750282131e-02
9.910854745673832076e+04 4.850899464608807166e-02
9.937073938122704567e+04 4.923385153161756456e-02
9.963293130571577058e+04 4.861504198576580699e-02
9.989512323020449548e+04 4.799943682875849188e-02
1.001573151546932204e+05 4.860081570871284395e-02
1.004195070791819453e+05 4.729608984174217545e-02
1.006816990036706848e+05 4.969587451400516581e-02
1.009438909281594097e+05 4.863898632312917830e-02
1.012060828526481346e+05 4.875095929116916166e-02
1.014682747771368595e+05 4.862512602897679087e-02
1.017304667016255844e+05 4.888772575549493737e-02
1.019926586261143093e+05 5.010462018535856432e-02
1.022548505506030342e+05 4.985377613931315371e-02
1.025170424750917446e+05 4.912398767116232107e-02
1.027792343995804840e+05 5.116014188640816140e-02
1.030414263240692089e+05 4.932599238465221192e-02
1.033036182485579338e+05 4.924972876169789876e-02
1.035658101730466587e+05 4.970693203697654217e-02
1.038280020975353837e+05 4.824558317847918443e-02
1.040901940220241086e+05 4.897451845361001227e-02
1.043523859465128335e+05 5.064696039594730054e-02
1.046145778710015584e+05 5.072484777485943702e-02
1.048767697954902978e+05 5.073372450765475244e-02
1.051389617199790227e+05 4.908087872638929733e-02
1.054011536444677477e+05 4.927185581898673589e-02
1.056633455689564726e+05 4.884335642244064246e-02
1.059255374934451975e+05 5.018731826772436511e-02
1.061877294179339078e+05 4.991972701149833408e-02
1.064499213424226327e+05 4.857492848137347219e-02
1.067121132669113576e+05 4.842216065760539256e-02
1.069743051914000971e+05 4.989745441030924572e-02
1.072364971158888220e+05 5.026900724992770797e-02
1.074986890403775469e+05 4.962164535740311300e-02
1.077608809648662718e+05 4.862996009078320719e-02
1.080230728893549967e+05 4.873086833123417561e-02
1.082852648138437216e+05 4.818478486535584387e-02
1.085474567383324465e+05 4.864389011804707424e-02
1.088096486628211715e+05 4.907756740489010311e-02
1.090718405873099109e+05 4.885083798106696490e-02
1.093340325117986358e+05 4.995272951713344844e-02
1.095962244362873607e+05 4.826024673784491681e-02
1.098584163607760711e+05 4.839171318147790501e-02
1.101206082852647960e+05 4.834349603426254388e-02
1.103828002097535209e+05 4.834196783681544984e-02
1.106449921342422458e+05 4.747895017792479883e-02
1.109071840587309853e+05 4.801196576169292074e-02
1.111693759832197102e+05 4.829292916433113037e-02
1.114315679077084351e+05 4.964728228321142051e-02
1.116937598321971600e+05 4.865173358770259054e-02
1.119559517566858849e+05 4.976001041101633937e-02
1.122181436811746098e+05 4.780095873257406841e-02
1.124803356056633347e+05 4.811004157668566372e-02
1.127425275301520596e+05 4.790234245433853261e-02
1.130047194546407991e+05 4.696895041253132397e-02
1.132669113791295094e+05 4.805546911756786166e-02
1.135291033036182343e+05 4.878697978152730930e-02
1.137912952281069593e+05 4.923580309162900459e-02
1.140534871525956842e+05 4.940443524209644360e-02
1.143156790770844091e+05 4.921264210458547311e-02
1.145778710015731340e+05 4.773056115353701417e-02
1.148400629260618589e+05 4.804192061168719580e-02
1.151022548505505983e+05 4.879945497034406110e-02
1.153644467750393233e+05 4.829660378974925949e-02
1.156266386995280482e+05 4.656092124403277827e-02
1.158888306240167731e+05 4.850523141558860107e-02
1.161510225485054980e+05 4.945759083943994383e-02
1.164132144729942229e+05 4.932856558604842290e-02
1.166754063974829478e+05 4.894895407479671334e-02
1.169375983219716582e+05 4.577733053547687614e-02
1.171997902464603976e+05 4.641503142660336617e-02
1.174619821709491225e+05 4.677151084070761689e-02
1.177241740954378474e+05 4.750832637003356979e-02
1.179863660199265723e+05 4.688268586510025565e-02
1.182485579444152972e+05 4.752205363120289017e-02
1.185107498689040222e+05 4.738961102180550000e-02
1.187729417933927471e+05 4.880808160297601256e-02
1.190351337178814865e+05 4.930164946923362018e-02
1.192973256423702114e+05 4.934657888426776523e-02
1.195595175668589363e+05 4.753246595748916725e-02
1.198217094913476612e+05 4.806505764399404690e-02
1.200839014158363861e+05 4.747378014081377745e-02
1.203460933403250965e+05 4.896126503584016104e-02
1.206082852648138214e+05 4.731303497351791593e-02
1.208704771893025463e+05 4.866779406758968418e-02
1.211326691137912858e+05 4.957438392289426066e-02
1.213948610382800107e+05 4.950114805550652475e-02
1.216570529627687356e+05 4.862104556935168548e-02
1.219192448872574605e+05 4.857402862567383739e-02
1.221814368117461854e+05 4.880334146154651637e-02
1.224436287362349103e+05 4.889075195482538161e-02
1.227058206607236352e+05 4.821489020181072421e-02
1.229680125852123601e+05 4.807075155882095663e-02
1.232302045097010996e+05 4.935207860133541957e-02
1.234923964341898245e+05 4.762397363116339932e-02
1.237545883586785494e+05 4.906664435979755934e-02
1.240167802831672598e+05 4.918733272952691138e-02
1.242789722076559847e+05 4.849165335185796205e-02
1.245411641321447096e+05 4.843025986806138994e-02
1.248033560566334345e+05 4.852072555402746346e-02
1.250655479811221594e+05 4.695534099756246138e-02
1.253277399056108989e+05 4.501959571322140113e-02
1.255899318300996238e+05 4.283060891429434774e-02
1.258521237545883487e+05 4.084436086623397660e-02
1.261143156790770736e+05 3.877103883500345599e-02
1.263765076035657985e+05 3.683918403785212820e-02
1.266386995280545234e+05 3.505376510670835111e-02
1.269008914525432483e+05 3.323121994239232324e-02
1.271630833770319878e+05 3.091058329820458445e-02
1.274252753015207127e+05 2.862547468847672499e-02
1.276874672260094230e+05 2.704127655539997552e-02
1.279496591504981479e+05 2.540137571046070797e-02
1.282118510749868728e+05 2.293677464750489350e-02
1.284740429994755978e+05 2.170587340358830913e-02
1.287362349239643227e+05 1.976978121785006454e-02
1.289984268484530476e+05 1.744282057623306598e-02
1.292606187729417870e+05 1.537506503001188560e-02
1.295228106974305119e+05 1.335935232147670779e-02
1.297850026219192368e+05 1.195670336831566177e-02
1.300471945464079618e+05 9.723634758068165629e-03
1.303093864708966867e+05 7.898495171166983533e-03
1.305715783953854116e+05 5.880981721264312567e-03
1.308337703198741365e+05 4.070766506611016126e-03
1.310959622443628614e+05 2.415359787946362840e-03
1.313581541688515863e+05 5.351223608694499539e-04
1.316203460933403112e+05 -1.686701099011942828e-03
1.318825380178290361e+05 -3.465741696351867709e-03
1.321447299423177610e+05 -5.648247301108008656e-03
1.324069218668064859e+05 -7.082666847746521034e-03
1.326691137912952108e+05 -9.462360336342354530e-03
1.329313057157839357e+05 -1.121843555937713371e-02
1.331934976402726606e+05 -1.289533657734094098e-02
1.334556895647613856e+05 -1.536341879046895093e-02
1.337178814892501105e+05 -1.729104260619099970e-02
1.339800734137388354e+05 -1.877113927306348073e-02
1.342422653382275603e+05 -2.060025681443140508e-02
1.345044572627162852e+05 -2.285760058820641635e-02
1.347666491872050101e+05 -2.438735006227960717e-02
1.350288411116937350e+05 -2.664733019377796275e-02
1.352910330361824890e+05 -2.844977662162939333e-02
1.355532249606712139e+05 -3.045098743652636247e-02
1.358154168851599388e+05 -3.292337727734265251e-02
1.360776088096486637e+05 -3.413893017757158727e-02
1.363398007341373886e+05 -3.650481824563311245e-02
1.366019926586260844e+05 -3.857528253612125396e-02
1.368641845831148094e+05 -4.037175593836822562e-02
1.371263765076035343e+05 -4.197300011178828338e-02
1.373885684320922883e+05 -4.390955826063836637e-02
1.376507603565809841e+05 -4.594836454147940841e-02
1.379129522810697381e+05 -4.783118451907753671e-02
1.381751442055584339e+05 -4.989031010995612775e-02
1.384373361300471879e+05 -5.166150601135496151e-02
1.386995280545359128e+05 -5.349928055021951900e-02
1.389617199790246377e+05 -5.594829086886287522e-02
1.392239119035133626e+05 -5.737978351608528926e-02
1.394861038280020875e+05 -5.966266234116595485e-02
1.397482957524908124e+05 -6.161429328101469816e-02
1.400104876769795083e+05 -6.346204504752712972e-02
1.402726796014682623e+05 -6.567196085840069919e-02
1.405348715259569872e+05 -6.743624350252123978e-02
1.407970634504457121e+05 -6.954781780184435269e-02
1.410592553749344370e+05 -7.154792533883919115e-02
1.413214472994231619e+05 -7.312527210990422966e-02
1.415836392239118868e+05 -7.563473779676574416e-02
1.418458311484006117e+05 -7.735182742628315955e-02
1.421080230728893366e+05 -7.922297263740027407e-02
1.423702149973780615e+05 -8.102774625584548140e-02
1.426324069218667864e+05 -8.283840729505978495e-02
1.428945988463555404e+05 -8.513983928274161672e-02
1.431567907708442362e+05 -8.681917439552737370e-02
1.434189826953329903e+05 -8.864930466675664811e-02
1.436811746198216861e+05 -9.040422227750653794e-02
1.439433665443104110e+05 -9.222477284374111517e-02
1.442055584687991359e+05 -9.418912086467068345e-02
1.444677503932878608e+05 -9.650496991650106549e-02
1.447299423177766148e+05 -9.799040075303699915e-02
1.449921342422653106e+05 -1.003099638313041109e-01
1.452543261667540646e+05 -1.026684565878803190e-01
1.455165180912427604e+05 -1.041154195266836557e-01
1.457787100157315144e+05 -1.060472932817378977e-01
1.460409019402202102e+05 -1.079660605746227825e-01
1.463030938647089642e+05 -1.097224135487462893e-01
1.465652857891976892e+05 -1.118280423099536208e-01
1.468274777136864141e+05 -1.139301242896303412e-01
1.470896696381751390e+05 -1.160025865842629761e-01
1.473518615626638348e+05 -1.177037752608872667e-01
1.476140534871525888e+05 -1.197249912740462469e-01
1.478762454116412846e+05 -1.219532730540375393e-01
1.481384373361300386e+05 -1.235260470852373449e-01
1.484006292606187344e+05 -1.252581386120110718e-01
1.486628211851074884e+05 -1.270955968143874237e-01
1.489250131095962133e+05 -1.291953147274977620e-01
1.491872050340849382e+05 -1.305889822938282041e-01
1.494493969585736631e+05 -1.331779447878416456e-01
1.497115888830623880e+05 -1.347802223360176355e-01
1.499737808075511130e+05 -1.365082570257029615e-01
1.502359727320398379e+05 -1.387883947558550268e-01
1.504981646565285628e+05 -1.406120567820315082e-01
1.507603565810173168e+05 -1.427970284208928409e-01
1.510225485055060126e+05 -1.445770426590114732e-01
1.512847404299947375e+05 -1.461790204292226503e-01
1.515469323544834624e+05 -1.487261405389214697e-01
1.518091242789721873e+05 -1.502186094392833626e-01
1.520713162034609122e+05 -1.525167674789195960e-01
1.523335081279496371e+05 -1.542646971898923858e-01
1.525957000524383911e+05 -1.562061080422807446e-01
1.528578919769270869e+05 -1.581489558565181974e-01
1.531200839014158410e+05 -1.605524848033572372e-01
1.533822758259045368e+05 -1.621255165279646138e-01
1.536444677503932908e+05 -1.641005141329630324e-01
1.539066596748819866e+05 -1.663071907788344905e-01
1.541688515993707406e+05 -1.679427862449147657e-01
1.544310435238594364e+05 -1.698344747118329667e-01
1.546932354483481613e+05 -1.718365142160417358e-01
1.549554273728369153e+05 -1.737289468075754184e-01
1.552176192973256111e+05 -1.755988065906408380e-01
1.554798112218143651e+05 -1.779032055492536790e-01
1.557420031463030609e+05 -1.796764356224982706e-01
1.560041950707918149e+05 -1.816665261974001189e-01
1.562663869952805107e+05 -1.833206733867150107e-01
1.565285789197692648e+05 -1.852792940647199627e-01
1.567907708442579897e+05 -1.873429227602715352e-01
1.570529627687467146e+05 -1.895114717152807104e-01
1.573151546932354395e+05 -1.911997678728034611e-01
1.575773466177241644e+05 -1.933005084886016967e-01
1.578395385422128893e+05 -1.948741556583801493e-01
1.581017304667015851e+05 -1.969954676879747679e-01
1.583639223911903391e+05 -1.988852651083368173e-01
1.586261143156790349e+05 -2.006624349369560967e-01
1.588883062401677889e+05 -2.026430186332124905e-01
1.591504981646565138e+05 -2.048198322888552803e-01
1.594126900891452387e+05 -2.070909874133183004e-01
1.596748820136339637e+05 -2.090777491056758919e-01
1.599370739381226886e+05 -2.108217732586726012e-01
1.601992658626114135e+05 -2.126369446234193383e-01
1.604614577871001384e+05 -2.146711617347038525e-01
1.607236497115888633e+05 -2.165797003964128886e-01
1.609858416360776173e+05 -2.181728385437209372e-01
1.612480335605663131e+05 -2.197762571592716263e-01
1.615102254850550671e+05 -2.221838047607632705e-01
1.617724174095437629e+05 -2.244579653216522142e-01
1.620346093340324878e+05 -2.259511883824857348e-01
1.622968012585212127e+05 -2.283807976291262753e-01
1.625589931830099376e+05 -2.300258002230686771e-01
1.628211851074986917e+05 -2.317200068547671243e-01
1.630833770319873875e+05 -2.340366341501760039e-01
1.633455689564761415e+05 -2.355649421295521462e-01
1.636077608809648373e+05 -2.379772980462618592e-01
1.638699528054535913e+05 -2.398647082468394476e-01
1.641321447299422871e+05 -2.416464772682321849e-01
1.643943366544310411e+05 -2.436938144380072224e-01
1.646565285789197369e+05 -2.453515060994516661e-01
1.649187205034084909e+05 -2.472785347169340620e-01
1.651809124278972158e+05 -2.493793858410980890e-01
1.654431043523859116e+05 -2.512090159470067863e-01
1.657052962768746656e+05 -2.531968476333124607e-01
1.659674882013633614e+05 -2.550825105796832859e-01
1.662296801258521155e+05 -2.568161964985838930e-01
1.664918720503408113e+05 -2.591351196435691673e-01
1.667540639748295653e+05 -2.609985140387059421e-01
1.670162558993182902e+05 -2.628795399829623181e-01
1.672784478238070151e+05 -2.649679255829925362e-01
1.675406397482957400e+05 -2.667601549856812859e-01
1.678028316727844649e+05 -2.684337882709589840e-01
1.680650235972731898e+05 -2.705860626962384718e-01
1.683272155217619147e+05 -2.723309071579345098e-01
1.685894074462506396e+05 -2.743451715181382533e-01
1.688515993707393936e+05 -2.762635182969674363e-01
1.691137912952280894e+05 -2.781334634768728442e-01
1.693759832197168143e+05 -2.803981553113935599e-01
1.696381751442055393e+05 -2.824812925375359551e-01
1.699003670686942642e+05 -2.843094827982733941e-01
1.701625589931829891e+05 -2.863499477966958140e-01
1.704247509176717140e+05 -2.881025968455999120e-01
1.706869428421604389e+05 -2.902449613389203043e-01
1.709491347666491638e+05 -2.924115365482006235e-01
1.712113266911379178e+05 -2.937821463636979269e-01
1.714735186156266136e+05 -2.958491376465447464e-01
1.717357105401153676e+05 -2.979948033384758332e-01
1.719979024646040634e+05 -2.998362274502716640e-01
1.722600943890928174e+05 -3.013914796912259275e-01
1.725222863135815132e+05 -3.035726623492090437e-01
1.727844782380702381e+05 -3.053767760630106132e-01
1.730466701625589922e+05 -3.075590762152666247e-01
1.733088620870476880e+05 -3.092747909203302226e-01
1.735710540115364420e+05 -3.113909475888748668e-01
1.738332459360251378e+05 -3.133284188047865126e-01
1.740954378605138918e+05 -3.153984942768264799e-01
1.743576297850025876e+05 -3.173983848138255959e-01
1.746198217094913416e+05 -3.193957774888002143e-01
1.748820136339800374e+05 -3.210678767131009415e-01
1.751442055584687914e+05 -3.231855031288915492e-01
1.754063974829575163e+05 -3.249247913752338901e-01
1.756685894074462412e+05 -3.266892213007438484e-01
1.759307813319349661e+05 -3.283973597171013781e-01
1.761929732564236620e+05 -3.304481829401942905e-01
1.764551651809124160e+05 -3.326402455736362507e-01
1.767173571054011118e+05 -3.345744727311138478e-01
1.769795490298898658e+05 -3.366046605035055150e-01
1.772417409543785907e+05 -3.383140687423134008e-01
1.775039328788673156e+05 -3.400951155595663966e-01
1.777661248033560405e+05 -3.422136072171073629e-01
1.780283167278447654e+05 -3.442804794131087975e-01
1.782905086523334903e+05 -3.462760210038178244e-01
1.785527005768222152e+05 -3.479621825926125789e-01
1.788148925013109401e+05 -3.501153245914505052e-01
1.790770844257996941e+05 -3.518768453979768118e-01
1.793392763502883899e+05 -3.535033375561515978e-01
1.796014682747771440e+05 -3.556345483704058674e-01
1.798636601992658398e+05 -3.577587828478098197e-01
1.801258521237545647e+05 -3.594257227882439176e-01
1.803880440482432896e+05 -3.614506299615045104e-01
1.806502359727320145e+05 -3.633388838136124566e-01
1.809124278972207394e+05 -3.653236798121090589e-01
1.811746198217094643e+05 -3.671141553229970156e-01
1.814368117461982183e+05 -3.690986848205287663e-01
1.816990036706869141e+05 -3.709177932397289545e-01
1.819611955951756681e+05 -3.731276035128965884e-01
1.822233875196643639e+05 -3.750063451891047506e-01
1.824855794441531179e+05 -3.768342055585791606e-01
1.827477713686418138e+05 -3.787738367553747376e-01
1.830099632931305678e+05 -3.806946621878067871e-01
1.832721552176192927e+05 -3.827410337523103889e-01
1.835343471421079885e+05 -3.845394757062052804e-01
1.837965390665967425e+05 -3.865881107636571778e-01
1.840587309910854383e+05 -3.884518590840028152e-01
1.843209229155741923e+05 -3.902082757642796884e-01
1.845831148400628881e+05 -3.924533953069276881e-01
1.848453067645516421e+05 -3.940599747125612673e-01
1.851074986890403670e+05 -3.961928617832454202e-01
1.853696906135290919e+05 -3.981650001790842386e-01
1.856318825380178168e+05 -3.999857257394841548e-01
1.858940744625065417e+05 -4.022815477250335503e-01
1.861562663869952667e+05 -4.038970080396360740e-01
1.864184583114839916e+05 -4.060959960678336422e-01
1.866806502359727165e+05 -4.078155864869810743e-01
1.869428421604614123e+05 -4.098014897985097771e-01
1.872050340849501663e+05 -4.117414810383829837e-01
1.874672260094388912e+05 -4.139315001002760175e-01
1.877294179339276161e+05 -4.156189486991360704e-01
1.879916098584163410e+05 -4.176624047534749917e-01
1.882538017829050659e+05 -4.190379411387036845e-01
1.885159937073937908e+05 -4.212103386660876470e-01
1.887781856318825157e+05 -4.233393850910863732e-01
1.890403775563712406e+05 -4.255423676087575768e-01
1.893025694808599947e+05 -4.268417405940438392e-01
1.895647614053486905e+05 -4.294057804205523299e-01
1.898269533298374445e+05 -4.309182047491039724e-01
1.900891452543261403e+05 -4.333991029101844084e-01
1.903513371788148943e+05 -4.349597792085022618e-01
1.906135291033035901e+05 -4.370263660565035790e-01
1.908757210277923150e+05 -4.386633839083197151e-01
1.911379129522810399e+05 -4.407663571363307775e-01
1.914001048767697648e+05 -4.424551456480350087e-01
1.916622968012585188e+05 -4.442607660438291362e-01
1.919244887257472146e+05 -4.466042041746979829e-01
1.921866806502359686e+05 -4.483956338923620333e-01
1.924488725747246644e+05 -4.502529146498373547e-01
1.927110644992134185e+05 -4.525251629155482846e-01
1.929732564237021143e+05 -4.544956553131648813e-01
1.932354483481908683e+05 -4.561693894077883948e-01
1.934976402726795932e+05 -4.579443885531883085e-01
1.937598321971683181e+05 -4.603274822859313997e-01
1.940220241216570430e+05 -4.622958452977872223e-01
1.942842160461457388e+05 -4.641912441062807093e-01
1.945464079706344928e+05 -4.659500117586272139e-01
1.948085998951231886e+05 -4.679880342002696869e-01
1.950707918196119426e+05 -4.698239993652144619e-01
1.953329837441006675e+05 -4.715024067447015077e-01
1.955951756685893924e+05 -4.737449454628679946e-01
1.958573675930781174e+05 -4.754863591088603347e-01
1.961195595175668423e+05 -4.773506327783962888e-01
1.963817514420555672e+05 -4.793281750839464839e-01
1.966439433665442921e+05 -4.813956076155916919e-01
1.969061352910330170e+05 -4.833060876275080964e-01
1.971683272155217419e+05 -4.853668884414771290e-01
1.974305191400104668e+05 -4.871885923173848165e-01
1.976927110644992208e+05 -4.894281414794758311e-01
1.979549029889879166e+05 -4.909373988165705582e-01
1.982170949134766415e+05 -4.928293112097215101e-01
1.984792868379653664e+05 -4.946676016362339667e-01
1.987414787624540913e+05 -4.964796626090204890e-01
1.990036706869428162e+05 -4.990457940048125818e-01
1.992658626114315412e+05 -5.007476971768984875e-01
1.995280545359202952e+05 -5.028128854947999660e-01
1.997902464604089910e+05 -5.048243218876671268e-01
2.000524383848977450e+05 -5.067310550712367245e-01
2.003146303093864408e+05 -5.086950047064169311e-01
2.005768222338751948e+05 -5.105351370517263732e-01
2.008390141583638906e+05 -5.121888239637631957e-01
2.011012060828526446e+05 -5.145714028603313173e-01
2.013633980073413695e+05 -5.162791042538869002e-01
2.016255899318300653e+05 -5.184374921245787915e-01
2.018877818563188193e+05 -5.200608525357248713e-01
2.021499737808075151e+05 -5.220857264153341282e-01
2.024121657052962692e+05 -5.241918144815208569e-01
2.026743576297849650e+05 -5.262332226158746851e-01
2.029365495542737190e+05 -5.280385159093573533e-01
2.031987414787624148e+05 -5.297962612734248289e-01
2.034609334032511688e+05 -5.317932173626306325e-01
2.037231253277398937e+05 -5.340031047122620889e-01
2.039853172522286186e+05 -5.359494388103017704e-01
2.042475091767173435e+05 -5.378896760610568650e-01
2.045097011012060684e+05 -5.399230484345136638e-01
2.047718930256947933e+05 -5.413603909066513342e-01
2.050340849501834891e+05 -5.431965554540282293e-01
2.052962768746722431e+05 -5.452192081848307170e-01
2.055584687991609680e+05 -5.474237372371278942e-01
2.058206607236496930e+05 -5.493459286924771146e-01
2.060828526481384179e+05 -5.513817575221345857e-01
2.063450445726271428e+05 -5.529165105006068615e-01
2.066072364971158677e+05 -5.547792194781608899e-01
2.068694284216045926e+05 -5.569453192256972329e-01
2.071316203460933175e+05 -5.590600318676014480e-01
2.073938122705820424e+05 -5.607006621053134410e-01
2.076560041950707673e+05 -5.627100541228834407e-01
2.079181961195595213e+05 -5.645467754722853782e-01
2.081803880440482171e+05 -5.663715488425101752e-01
2.084425799685369711e+05 -5.681694029976451787e-01
2.087047718930256669e+05 -5.701915873301135473e-01
2.089669638175143918e+05 -5.724947492569351093e-01
2.092291557420031168e+05 -5.741062918067389997e-01
2.094913476664918417e+05 -5.761964522112151821e-01
2.097535395909805957e+05 -5.782198449209547952e-01
2.100157315154692915e+05 -5.795848044244168440e-01
2.102779234399580455e+05 -5.820105677644228370e-01
2.105401153644467413e+05 -5.840840957645887510e-01
2.108023072889354953e+05 -5.855316515340487360e-01
2.110644992134241911e+05 -5.873841233856716970e-01
2.113266911379129451e+05 -5.894902004491769931e-01
2.115888830624016700e+05 -5.913686601696939160e-01
2.118510749868903949e+05 -5.932937615366200568e-01
2.121132669113791198e+05 -5.954758706764613496e-01
2.123754588358678157e+05 -5.972356515863375126e-01
2.126376507603565697e+05 -5.992460336887189820e-01
2.128998426848452655e+05 -6.011957603411107742e-01
2.131620346093340195e+05 -6.029135513060072116e-01
2.134242265338227153e+05 -6.052331374852780721e-01
2.136864184583114693e+05 -6.070205214432289331e-01
2.139486103828001942e+05 -6.090996538165095453e-01
2.142108023072889191e+05 -6.109264326144553392e-01
2.144729942317776440e+05 -6.129235367477726681e-01
2.147351861562663689e+05 -6.151755320032119556e-01
2.149973780807550938e+05 -6.169117755044091211e-01
2.152595700052438187e+05 -6.186499918103577356e-01
2.155217619297325436e+05 -6.206635302088248096e-01
2.157839538542212686e+05 -6.226923500648522403e-01
2.160461457787099935e+05 -6.247903142952528910e-01
2.163083377031987184e+05 -6.264512827790206240e-01
2.165705296276874433e+05 -6.283687371384248932e-01
2.168327215521761682e+05 -6.300695863398034779e-01
2.170949134766648931e+05 -6.321513269559839721e-01
2.173571054011536180e+05 -6.343576616756352315e-01
2.176192973256423429e+05 -6.359912563001416386e-01
2.178814892501310678e+05 -6.383972595671835171e-01
2.181436811746198218e+05 -6.400617676504813947e-01
2.184058730991085176e+05 -6.419829025186544191e-01
2.186680650235972716e+05 -6.443560993460785147e-01
2.189302569480859675e+05 -6.460404212689702108e-01
2.191924488725747215e+05 -6.477891435453672075e-01
2.194546407970634173e+05 -6.497816531151991981e-01
2.197168327215521422e+05 -6.516953066481178114e-01
2.199790246460408962e+05 -6.537672080525486207e-01
2.202412165705295920e+05 -6.553965201828316767e-01
2.205034084950183460e+05 -6.573762279088223304e-01
2.207656004195070418e+05 -6.592489071627576358e-01
2.210277923439957958e+05 -6.613228569918920829e-01
2.212899842684844916e+05 -6.629418557863844264e-01
2.215521761929732456e+05 -6.650920432062001897e-01
2.218143681174619705e+05 -6.671020736421628960e-01
2.220765600419506954e+05 -6.691087540215076013e-01
2.223387519664394204e+05 -6.708553097343478155e-01
2.226009438909281453e+05 -6.726665296591575194e-01
2.228631358154168702e+05 -6.745072859510145014e-01
2.231253277399055660e+05 -6.765163423547551069e-01
2.233875196643943200e+05 -6.786521460917784854e-01
2.236497115888830158e+05 -6.805899565976036847e-01
2.239119035133717698e+05 -6.825505067943133941e-01
2.241740954378604947e+05 -6.846059459492166432e-01
2.244362873623492196e+05 -6.860538829579057030e-01
2.246984792868379445e+05 -6.876575564663996998e-01
2.249606712113266694e+05 -6.898069887948006240e-01
2.252228631358153943e+05 -6.918354932367960508e-01
2.254850550603041193e+05 -6.938325908517436469e-01
2.257472469847928442e+05 -6.958761747987664004e-01
2.260094389092815982e+05 -6.977136680798747825e-01
2.262716308337702940e+05 -6.995281720039842055e-01
2.265338227582590189e+05 -7.016160122029575508e-01
2.267960146827477438e+05 -7.032584239273127480e-01
2.270582066072364687e+05 -7.053172282931817749e-01
2.273203985317251936e+05 -7.067822498833883360e-01
2.275825904562139185e+05 -7.091257995098930733e-01
2.278447823807026725e+05 -7.107088356997656176e-01
2.281069743051913683e+05 -7.130497414275851487e-01
2.283691662296801223e+05 -7.150893807469553831e-01
2.286313581541688181e+05 -7.171136634947403721e-01
2.288935500786575722e+05 -7.190528403123558343e-01
2.291557420031462680e+05 -7.209166827007380540e-01
2.294179339276350220e+05 -7.230420732567610642e-01
2.296801258521237178e+05 -7.247287240157999078e-01
2.299423177766124718e+05 -7.264466107824977259e-01
2.302045097011011967e+05 -7.284737074317116923e-01
2.304667016255898925e+05 -7.309380738160634605e-01
2.307288935500786465e+05 -7.328659206512897484e-01
2.309910854745673423e+05 -7.348114092526835117e-01
2.312532773990560963e+05 -7.369083297242687847e-01
2.315154693235447921e+05 -7.387148956798310628e-01
2.317776612480335461e+05 -7.403784720985669976e-01
2.320398531725222711e+05 -7.423645092310215965e-01
2.323020450970109960e+05 -7.442247809258224489e-01
2.325642370214997209e+05 -7.460344420861757531e-01
2.328264289459884458e+05 -7.484150513295869667e-01
2.330886208704771707e+05 -7.497673913564313342e-01
2.333508127949658956e+05 -7.518056556891038467e-01
2.336130047194546205e+05 -7.541779708921949599e-01
2.338751966439433163e+05 -7.559023045611582559e-01
2.341373885684320703e+05 -7.580599608908116238e-01
2.343995804929207952e+05 -7.601077777124904955e-01
2.346617724174095201e+05 -7.619009130728672252e-01
2.349239643418982450e+05 -7.638506385828659484e-01
2.351861562663869699e+05 -7.657042359213525051e-01
2.354483481908756949e+05 -7.678101914691156660e-01
2.357105401153644198e+05 -7.695763918667357650e-01
2.359727320398531447e+05 -7.716985061647048116e-01
2.362349239643418987e+05 -7.735011751715364925e-01
2.364971158888305945e+05 -7.752705534171503432e-01
2.367593078133193485e+05 -7.770587008107291416e-01
