0.000000000000000000e+00 5.311078205704689026e-02
2.000000000000000000e+00 2.590782009065151215e-02
4.000000000000000000e+00 2.080157212913036346e-02
6.000000000000000000e+00 1.774817146360874176e-02
8.000000000000000000e+00 1.551750209182500839e-02
1.000000000000000000e+01 1.372087281197309494e-02
1.200000000000000000e+01 1.261932402849197388e-02
1.400000000000000000e+01 1.125907991081476212e-02
1.600000000000000000e+01 1.045497786253690720e-02
1.800000000000000000e+01 9.527809917926788330e-03
2.000000000000000000e+01 8.732337504625320435e-03
2.200000000000000000e+01 8.139238692820072174e-03
2.400000000000000000e+01 7.366397883743047714e-03
2.600000000000000000e+01 6.942021660506725311e-03
2.800000000000000000e+01 6.556706037372350693e-03
3.000000000000000000e+01 6.048962939530611038e-03
3.200000000000000000e+01 5.901569500565528870e-03
3.400000000000000000e+01 5.459661595523357391e-03
3.600000000000000000e+01 5.075315013527870178e-03
3.800000000000000000e+01 4.942593164741992950e-03
4.000000000000000000e+01 4.609521012753248215e-03
4.200000000000000000e+01 4.451613873243331909e-03
4.400000000000000000e+01 4.185308702290058136e-03
4.600000000000000000e+01 4.059015773236751556e-03
4.800000000000000000e+01 3.828986780717968941e-03
5.000000000000000000e+01 3.774525597691535950e-03
5.200000000000000000e+01 3.384989686310291290e-03
5.400000000000000000e+01 3.347255988046526909e-03
5.600000000000000000e+01 3.067383542656898499e-03
5.800000000000000000e+01 2.979155164211988449e-03
6.000000000000000000e+01 2.937929239124059677e-03
6.200000000000000000e+01 2.794132335111498833e-03
6.400000000000000000e+01 2.797396155074238777e-03
6.600000000000000000e+01 2.812976250424981117e-03
6.800000000000000000e+01 2.574223559349775314e-03
7.000000000000000000e+01 2.451184205710887909e-03
7.200000000000000000e+01 2.550407545641064644e-03
7.400000000000000000e+01 2.419705269858241081e-03
7.600000000000000000e+01 2.367479261010885239e-03
7.800000000000000000e+01 2.214604755863547325e-03
8.000000000000000000e+01 2.184053184464573860e-03
8.200000000000000000e+01 2.141357632353901863e-03
8.400000000000000000e+01 2.156480448320508003e-03
8.600000000000000000e+01 1.891853404231369495e-03
8.800000000000000000e+01 1.746320282109081745e-03
9.000000000000000000e+01 1.418333384208381176e-03
9.200000000000000000e+01 1.502478728070855141e-03
9.400000000000000000e+01 1.517041819170117378e-03
9.600000000000000000e+01 1.571046072058379650e-03
9.800000000000000000e+01 1.479585189372301102e-03
1.000000000000000000e+02 1.295199850574135780e-03
1.020000000000000000e+02 1.192386727780103683e-03
1.040000000000000000e+02 1.083031645976006985e-03
1.060000000000000000e+02 1.073873369023203850e-03
1.080000000000000000e+02 1.028973259963095188e-03
1.100000000000000000e+02 9.758201777003705502e-04
1.120000000000000000e+02 9.723526309244334698e-04
1.140000000000000000e+02 1.064208569005131721e-03
1.160000000000000000e+02 1.280673895962536335e-03
1.180000000000000000e+02 9.810407646000385284e-04
1.200000000000000000e+02 8.629116928204894066e-04
1.220000000000000000e+02 1.005722908303141594e-03
1.240000000000000000e+02 1.018064562231302261e-03
1.260000000000000000e+02 1.049652579240500927e-03
1.280000000000000000e+02 8.257974404841661453e-04
1.300000000000000000e+02 7.183942361734807491e-04
1.320000000000000000e+02 7.682035793550312519e-04
1.340000000000000000e+02 7.912313449196517467e-04
1.360000000000000000e+02 8.868771838024258614e-04
1.380000000000000000e+02 8.889953605830669403e-04
1.400000000000000000e+02 6.896390113979578018e-04
1.420000000000000000e+02 7.652901113033294678e-04
1.440000000000000000e+02 7.300291326828300953e-04
1.460000000000000000e+02 8.188487845472991467e-04
1.480000000000000000e+02 6.243757670745253563e-04
1.500000000000000000e+02 6.843653391115367413e-04
1.520000000000000000e+02 5.824551917612552643e-04
1.540000000000000000e+02 5.083422875031828880e-04
1.560000000000000000e+02 5.377092747949063778e-04
1.580000000000000000e+02 5.240140599198639393e-04
1.600000000000000000e+02 8.911283221095800400e-04
1.620000000000000000e+02 7.624335121363401413e-04
1.640000000000000000e+02 7.135880878195166588e-04
1.660000000000000000e+02 6.447327323257923126e-04
1.680000000000000000e+02 7.497723563574254513e-04
1.700000000000000000e+02 7.202465785667300224e-04
1.720000000000000000e+02 9.114713175222277641e-04
1.740000000000000000e+02 7.684989250265061855e-04
1.760000000000000000e+02 8.260367321781814098e-04
1.780000000000000000e+02 8.044586866162717342e-04
1.800000000000000000e+02 6.129411049187183380e-04
1.820000000000000000e+02 4.308348288759589195e-04
1.840000000000000000e+02 4.170275060459971428e-04
1.860000000000000000e+02 3.642218653112649918e-04
1.880000000000000000e+02 4.144855192862451077e-04
1.900000000000000000e+02 3.753969212993979454e-04
1.920000000000000000e+02 3.699308144859969616e-04
1.940000000000000000e+02 4.042199288960546255e-04
1.960000000000000000e+02 2.498629619367420673e-04
1.980000000000000000e+02 2.728606632445007563e-04
2.000000000000000000e+02 4.018991021439433098e-04
2.020000000000000000e+02 5.875500501133501530e-04
2.040000000000000000e+02 3.150004777126014233e-04
2.060000000000000000e+02 3.241706581320613623e-04
2.080000000000000000e+02 4.862340574618428946e-04
2.100000000000000000e+02 5.710172699764370918e-04
2.120000000000000000e+02 4.287780902814120054e-04
2.140000000000000000e+02 4.312051460146903992e-04
2.160000000000000000e+02 5.336930043995380402e-04
2.180000000000000000e+02 6.526048528030514717e-04
2.200000000000000000e+02 7.522585801780223846e-04
2.220000000000000000e+02 7.225802401080727577e-04
2.240000000000000000e+02 5.225787172093987465e-04
2.260000000000000000e+02 4.746394988615065813e-04
2.280000000000000000e+02 5.160853033885359764e-04
2.300000000000000000e+02 4.377929726615548134e-04
2.320000000000000000e+02 4.634099896065890789e-04
2.340000000000000000e+02 5.509553011506795883e-04
2.360000000000000000e+02 2.847440191544592381e-04
2.380000000000000000e+02 2.757272450253367424e-04
2.400000000000000000e+02 2.705561055336147547e-04
2.420000000000000000e+02 7.462599023710936308e-05
2.440000000000000000e+02 2.829295990522950888e-04
2.460000000000000000e+02 -3.155556987621821463e-05
2.480000000000000000e+02 6.758697418263182044e-05
2.500000000000000000e+02 1.596817601239308715e-04
2.520000000000000000e+02 1.052413426805287600e-04
2.540000000000000000e+02 2.535101957619190216e-04
2.560000000000000000e+02 1.082832241081632674e-04
2.580000000000000000e+02 2.722805656958371401e-04
2.600000000000000000e+02 5.609830841422080994e-04
2.620000000000000000e+02 5.043805576860904694e-04
2.640000000000000000e+02 3.415279788896441460e-04
2.660000000000000000e+02 3.096347209066152573e-04
2.680000000000000000e+02 3.242757520638406277e-04
2.700000000000000000e+02 2.752382715698331594e-04
2.720000000000000000e+02 4.380062164273113012e-04
2.740000000000000000e+02 2.714132424443960190e-04
2.760000000000000000e+02 3.533543203957378864e-04
2.780000000000000000e+02 1.040510105667635798e-04
2.800000000000000000e+02 1.035478999256156385e-04
2.820000000000000000e+02 2.611237869132310152e-04
2.840000000000000000e+02 2.657610748428851366e-04
2.860000000000000000e+02 2.876658109016716480e-04
2.880000000000000000e+02 2.127402112819254398e-04
2.900000000000000000e+02 2.138581330655142665e-04
2.920000000000000000e+02 8.271299157058820128e-05
2.940000000000000000e+02 1.843059289967641234e-04
2.960000000000000000e+02 1.150918833445757627e-04
2.980000000000000000e+02 2.648133668117225170e-04
3.000000000000000000e+02 1.933542662300169468e-04
3.020000000000000000e+02 -2.751761894614901394e-05
3.040000000000000000e+02 -1.001333803287707269e-04
3.060000000000000000e+02 -7.938632916193455458e-05
3.080000000000000000e+02 -4.382879342301748693e-05
3.100000000000000000e+02 -7.108212594175711274e-05
3.120000000000000000e+02 -1.509974827058613300e-04
3.140000000000000000e+02 -9.405343735124915838e-05
3.160000000000000000e+02 -1.651445927564054728e-05
3.180000000000000000e+02 -9.211372525896877050e-05
3.200000000000000000e+02 -1.778894898052385543e-06
3.220000000000000000e+02 -2.857601202777004801e-06
3.240000000000000000e+02 2.430713502690196037e-04
3.260000000000000000e+02 6.153475987957790494e-05
3.280000000000000000e+02 -2.206819590355735272e-05
3.300000000000000000e+02 -1.730045187287032604e-05
3.320000000000000000e+02 -1.023255827021785080e-04
3.340000000000000000e+02 9.942593169398605824e-05
3.360000000000000000e+02 1.291110966121777892e-04
3.380000000000000000e+02 2.800221554934978485e-04
3.400000000000000000e+02 2.480068651493638754e-04
3.420000000000000000e+02 1.597095251781865954e-04
3.440000000000000000e+02 3.877945127896964550e-04
3.460000000000000000e+02 4.103033570572733879e-04
3.480000000000000000e+02 2.824347175192087889e-04
3.500000000000000000e+02 2.630925155244767666e-04
3.520000000000000000e+02 3.976434527430683374e-04
3.540000000000000000e+02 3.007712657563388348e-04
3.560000000000000000e+02 4.836689331568777561e-04
3.580000000000000000e+02 4.261698340997099876e-04
3.600000000000000000e+02 5.682806950062513351e-04
3.620000000000000000e+02 5.824789404869079590e-04
3.640000000000000000e+02 4.951218143105506897e-04
3.660000000000000000e+02 5.714360158890485764e-04
3.680000000000000000e+02 2.039362734649330378e-04
3.700000000000000000e+02 4.549545119516551495e-04
3.720000000000000000e+02 3.799479745794087648e-04
3.740000000000000000e+02 3.609388659242540598e-04
3.760000000000000000e+02 3.209614369552582502e-04
3.780000000000000000e+02 4.457116883713752031e-04
3.800000000000000000e+02 5.386680713854730129e-04
3.820000000000000000e+02 3.510962706059217453e-04
3.840000000000000000e+02 3.621387004386633635e-04
3.860000000000000000e+02 3.268431173637509346e-04
3.880000000000000000e+02 1.152460899902507663e-04
3.900000000000000000e+02 -2.016017824644222856e-04
3.920000000000000000e+02 -2.972828515339642763e-04
3.940000000000000000e+02 -1.280810247408226132e-04
3.960000000000000000e+02 -1.444280642317607999e-04
3.980000000000000000e+02 -1.047781770466826856e-04
4.000000000000000000e+02 -1.988619333133101463e-04
4.020000000000000000e+02 -2.618095895741134882e-04
4.040000000000000000e+02 -1.402212365064769983e-04
4.060000000000000000e+02 -3.191774521837942302e-05
4.080000000000000000e+02 -1.670840174483601004e-05
4.100000000000000000e+02 9.590038098394870758e-05
4.120000000000000000e+02 1.381167676299810410e-04
4.140000000000000000e+02 3.863678648485802114e-05
4.160000000000000000e+02 1.560132513986900449e-04
4.180000000000000000e+02 9.982283518183976412e-05
4.200000000000000000e+02 1.498501078458502889e-04
4.220000000000000000e+02 2.062275598291307688e-04
4.240000000000000000e+02 2.023800334427505732e-05
4.260000000000000000e+02 4.742596647702157497e-04
4.280000000000000000e+02 4.703783197328448296e-04
4.300000000000000000e+02 2.879038511309772730e-04
4.320000000000000000e+02 3.565024526324123144e-04
4.340000000000000000e+02 6.433363887481391430e-05
4.360000000000000000e+02 7.478233601432293653e-05
4.380000000000000000e+02 7.323203135456424206e-06
4.400000000000000000e+02 1.126966744777746499e-04
4.420000000000000000e+02 2.153666282538324594e-04
4.440000000000000000e+02 2.904266293626278639e-04
4.460000000000000000e+02 2.623363106977194548e-04
4.480000000000000000e+02 1.412852143403142691e-04
4.500000000000000000e+02 1.653564104344695807e-04
4.520000000000000000e+02 2.249050157843157649e-05
4.540000000000000000e+02 1.855202135629951954e-04
4.560000000000000000e+02 1.421653723809868097e-04
4.580000000000000000e+02 4.984143743058666587e-05
4.600000000000000000e+02 -1.280097931157797575e-04
4.620000000000000000e+02 -4.401701153255999088e-05
4.640000000000000000e+02 -4.820904359803535044e-05
4.660000000000000000e+02 -1.726218324620276690e-04
4.680000000000000000e+02 6.801641575293615460e-05
4.700000000000000000e+02 5.089573096483945847e-05
4.720000000000000000e+02 -8.800500654615461826e-05
4.740000000000000000e+02 -1.356873253826051950e-04
4.760000000000000000e+02 -5.955451342742890120e-05
4.780000000000000000e+02 1.221559359692037106e-04
4.800000000000000000e+02 1.191462215501815081e-04
4.820000000000000000e+02 4.742576129501685500e-05
4.840000000000000000e+02 -1.556868664920330048e-04
4.860000000000000000e+02 -1.123782349168322980e-04
4.880000000000000000e+02 -1.133705081883817911e-04
4.900000000000000000e+02 1.327354693785309792e-04
4.920000000000000000e+02 -1.456855243304744363e-04
4.940000000000000000e+02 -3.531726179062388837e-06
4.960000000000000000e+02 6.984994251979514956e-05
4.980000000000000000e+02 -2.482816344127058983e-04
5.000000000000000000e+02 -4.776483110617846251e-04
5.020000000000000000e+02 -5.852264002896845341e-04
5.040000000000000000e+02 -5.299749900586903095e-04
5.060000000000000000e+02 -5.052938358858227730e-04
5.080000000000000000e+02 -2.292924909852445126e-04
5.100000000000000000e+02 -3.155938175041228533e-04
5.120000000000000000e+02 2.059882535832002759e-05
5.140000000000000000e+02 -7.737983833067119122e-05
5.160000000000000000e+02 -3.201348299626260996e-04
5.180000000000000000e+02 -2.221004106104373932e-04
5.200000000000000000e+02 -2.739425981417298317e-04
5.220000000000000000e+02 -1.499060599599033594e-04
5.240000000000000000e+02 -8.971893839770928025e-05
5.260000000000000000e+02 8.046610309975221753e-05
5.280000000000000000e+02 -1.253090013051405549e-04
5.300000000000000000e+02 -2.145843027392402291e-04
5.320000000000000000e+02 -1.834630966186523438e-04
5.340000000000000000e+02 -2.676506992429494858e-04
5.360000000000000000e+02 -3.113381681032478809e-04
5.380000000000000000e+02 -2.196063142037019134e-04
5.400000000000000000e+02 -2.204270422225818038e-04
5.420000000000000000e+02 -7.850141992093995214e-05
5.440000000000000000e+02 -1.103568793041631579e-04
5.460000000000000000e+02 -6.574670260306447744e-05
5.480000000000000000e+02 -6.538202433148398995e-05
5.500000000000000000e+02 -1.237834221683442593e-04
5.520000000000000000e+02 -2.220702881459146738e-04
5.540000000000000000e+02 -2.859238520613871515e-05
5.560000000000000000e+02 2.963388760690577328e-05
5.580000000000000000e+02 -1.262063451576977968e-04
5.600000000000000000e+02 -1.862577919382601976e-04
5.620000000000000000e+02 -1.787137443898245692e-04
5.640000000000000000e+02 -2.088412438752129674e-04
5.660000000000000000e+02 -2.541082794778048992e-04
5.680000000000000000e+02 -3.868101630359888077e-04
5.700000000000000000e+02 -4.462571523617953062e-04
5.720000000000000000e+02 -4.328797513153403997e-04
5.740000000000000000e+02 -2.948648179881274700e-04
5.760000000000000000e+02 -3.253645554650574923e-04
5.780000000000000000e+02 -3.495730925351381302e-04
5.800000000000000000e+02 -2.154852991225197911e-04
5.820000000000000000e+02 -2.086868626065552235e-04
5.840000000000000000e+02 -1.748131035128608346e-04
5.860000000000000000e+02 -8.346881077159196138e-05
5.880000000000000000e+02 1.356369466520845890e-04
5.900000000000000000e+02 1.842125202529132366e-04
5.920000000000000000e+02 1.848246938607189804e-05
5.940000000000000000e+02 -5.189901276025921106e-05
5.960000000000000000e+02 -2.109514025505632162e-05
5.980000000000000000e+02 -1.432903227396309376e-04
6.000000000000000000e+02 2.020955616899300367e-05
6.020000000000000000e+02 3.167543400195427239e-05
6.040000000000000000e+02 -7.255579112097620964e-05
6.060000000000000000e+02 5.442399196908809245e-05
6.080000000000000000e+02 1.020220370264723897e-04
6.100000000000000000e+02 7.424216892104595900e-05
6.120000000000000000e+02 1.712817465886473656e-04
6.140000000000000000e+02 9.882714948616921902e-05
6.160000000000000000e+02 1.810157118597999215e-04
6.180000000000000000e+02 8.743478247197344899e-05
6.200000000000000000e+02 -2.167798957088962197e-04
6.220000000000000000e+02 -1.141738539445213974e-04
6.240000000000000000e+02 -1.711916556814685464e-04
6.260000000000000000e+02 -1.282882294617593288e-04
6.280000000000000000e+02 -1.005734666250646114e-04
6.300000000000000000e+02 -2.865804126486182213e-04
6.320000000000000000e+02 -1.903152297018095851e-04
6.340000000000000000e+02 -1.564267149660736322e-04
6.360000000000000000e+02 -6.322222907328978181e-05
6.380000000000000000e+02 2.188441976613830775e-05
6.400000000000000000e+02 -2.497314126230776310e-04
6.420000000000000000e+02 -3.687444259412586689e-04
6.440000000000000000e+02 -3.640757640823721886e-04
6.460000000000000000e+02 -4.413051065057516098e-04
6.480000000000000000e+02 -1.432129192835418507e-05
6.500000000000000000e+02 -5.823761239298619330e-05
6.520000000000000000e+02 -2.714743604883551598e-04
6.540000000000000000e+02 -1.620412949705496430e-04
6.560000000000000000e+02 -2.683616912690922618e-05
6.580000000000000000e+02 -1.746977359289303422e-04
6.600000000000000000e+02 -4.529149737209081650e-04
6.620000000000000000e+02 -1.567355211591348052e-04
6.640000000000000000e+02 -1.107758434955030680e-04
6.660000000000000000e+02 -2.815567677316721529e-05
6.680000000000000000e+02 -1.802165788831189275e-04
6.700000000000000000e+02 -7.664951408514752984e-05
6.720000000000000000e+02 2.987103107443545014e-05
6.740000000000000000e+02 1.549774242448620498e-05
6.760000000000000000e+02 -2.304926238139159977e-05
6.780000000000000000e+02 1.700306165730580688e-04
6.800000000000000000e+02 -3.884635225404053926e-04
6.820000000000000000e+02 -3.885320911649614573e-04
6.840000000000000000e+02 -2.431942266412079334e-04
6.860000000000000000e+02 -2.104972372762858868e-04
6.880000000000000000e+02 4.512295708991587162e-05
6.900000000000000000e+02 1.152903314505238086e-05
6.920000000000000000e+02 5.836020864080637693e-05
6.940000000000000000e+02 -3.277956275269389153e-04
6.960000000000000000e+02 -3.517342847771942616e-04
6.980000000000000000e+02 -9.840141137829050422e-05
7.000000000000000000e+02 -5.831119324284372851e-06
7.020000000000000000e+02 -1.139271626016125083e-04
7.040000000000000000e+02 -7.914687739685177803e-05
7.060000000000000000e+02 1.805176434572786093e-04
7.080000000000000000e+02 9.976422734325751662e-05
7.100000000000000000e+02 9.536816651234403253e-05
7.120000000000000000e+02 4.271886427886784077e-04
7.140000000000000000e+02 2.711708366405218840e-04
7.160000000000000000e+02 2.374020405113697052e-04
7.180000000000000000e+02 1.190186885651201010e-04
7.200000000000000000e+02 4.728181738755665720e-05
7.220000000000000000e+02 1.213301366078667343e-04
7.240000000000000000e+02 -1.775109558366239071e-04
7.260000000000000000e+02 -1.703179586911574006e-04
7.280000000000000000e+02 -3.920223680324852467e-04
7.300000000000000000e+02 -2.793172316160053015e-04
7.320000000000000000e+02 -1.453836594009771943e-04
7.340000000000000000e+02 -3.746025031432509422e-04
7.360000000000000000e+02 -2.184723562095314264e-04
7.380000000000000000e+02 -1.469728013034909964e-04
7.400000000000000000e+02 -2.315631718374788761e-04
7.420000000000000000e+02 -6.843489245511591434e-05
7.440000000000000000e+02 2.880022220779210329e-04
7.460000000000000000e+02 4.681941354647278786e-04
7.480000000000000000e+02 5.700938636437058449e-04
7.500000000000000000e+02 3.685425617732107639e-04
7.520000000000000000e+02 5.068636965006589890e-04
7.540000000000000000e+02 1.186057270388118923e-04
7.560000000000000000e+02 2.709721738938242197e-04
7.580000000000000000e+02 3.931011306121945381e-04
7.600000000000000000e+02 5.160622531548142433e-04
7.620000000000000000e+02 6.063067703507840633e-04
7.640000000000000000e+02 7.676432142034173012e-04
7.660000000000000000e+02 7.564239203929901123e-04
7.680000000000000000e+02 8.947048918344080448e-04
7.700000000000000000e+02 8.331103017553687096e-04
7.720000000000000000e+02 1.155524514615535736e-03
7.740000000000000000e+02 1.026806770823895931e-03
7.760000000000000000e+02 1.099931541830301285e-03
7.780000000000000000e+02 1.158922561444342136e-03
7.800000000000000000e+02 1.220010104589164257e-03
7.820000000000000000e+02 9.549577371217310429e-04
7.840000000000000000e+02 1.064304029569029808e-03
7.860000000000000000e+02 6.220757495611906052e-04
7.880000000000000000e+02 7.214124780148267746e-04
7.900000000000000000e+02 6.413306109607219696e-04
7.920000000000000000e+02 5.070157931186258793e-04
7.940000000000000000e+02 5.082446732558310032e-04
7.960000000000000000e+02 1.084549439838156104e-04
7.980000000000000000e+02 3.184923843946307898e-04
8.000000000000000000e+02 2.242915652459487319e-04
8.020000000000000000e+02 7.618382369400933385e-05
8.040000000000000000e+02 -6.197726179379969835e-05
8.060000000000000000e+02 9.114134627452585846e-06
8.080000000000000000e+02 -2.337436599191278219e-04
8.100000000000000000e+02 -1.035016884998185560e-05
8.120000000000000000e+02 1.205598964588716626e-04
8.140000000000000000e+02 3.064557677134871483e-04
8.160000000000000000e+02 2.492502680979669094e-04
8.180000000000000000e+02 5.807844354421831667e-05
8.200000000000000000e+02 2.112688671331852674e-04
8.220000000000000000e+02 3.858362033497542143e-04
8.240000000000000000e+02 4.616847727447748184e-04
8.260000000000000000e+02 2.779485366772860289e-04
8.280000000000000000e+02 -2.006477443501353264e-04
8.300000000000000000e+02 2.177565911551937461e-04
8.320000000000000000e+02 1.232147187693044543e-04
8.340000000000000000e+02 9.335541108157485723e-05
8.360000000000000000e+02 2.556967374403029680e-04
8.380000000000000000e+02 1.885680685518309474e-04
8.400000000000000000e+02 3.137190360575914383e-04
8.420000000000000000e+02 2.975364332087337971e-04
8.440000000000000000e+02 -5.932645581196993589e-05
8.460000000000000000e+02 2.621778694447129965e-04
8.480000000000000000e+02 8.436567441094666719e-05
8.500000000000000000e+02 2.108280896209180355e-04
8.520000000000000000e+02 1.651377097005024552e-04
8.540000000000000000e+02 1.771794632077217102e-04
8.560000000000000000e+02 -2.721645250858273357e-05
8.580000000000000000e+02 -4.294940299587324262e-05
8.600000000000000000e+02 5.071234045317396522e-05
8.620000000000000000e+02 -8.213264663936570287e-05
8.640000000000000000e+02 3.142298664897680283e-04
8.660000000000000000e+02 2.049089525826275349e-04
8.680000000000000000e+02 3.174832381773740053e-04
8.700000000000000000e+02 3.601758799050003290e-04
8.720000000000000000e+02 5.375677719712257385e-04
8.740000000000000000e+02 3.261851088609546423e-04
8.760000000000000000e+02 4.079374775756150484e-04
8.780000000000000000e+02 1.295921247219666839e-04
8.800000000000000000e+02 4.531126469373703003e-04
8.820000000000000000e+02 4.484825476538389921e-04
8.840000000000000000e+02 5.229645175859332085e-04
8.860000000000000000e+02 4.025643283966928720e-04
8.880000000000000000e+02 2.013323392020538449e-04
8.900000000000000000e+02 6.118303281255066395e-04
8.920000000000000000e+02 4.188119492027908564e-04
8.940000000000000000e+02 2.384411782259121537e-04
8.960000000000000000e+02 2.711906854528933764e-04
8.980000000000000000e+02 1.578799419803544879e-04
9.000000000000000000e+02 3.148197720292955637e-04
9.020000000000000000e+02 5.930376355536282063e-04
9.040000000000000000e+02 6.118366727605462074e-04
9.060000000000000000e+02 7.044718367978930473e-04
9.080000000000000000e+02 8.632370154373347759e-04
9.100000000000000000e+02 8.270146790891885757e-04
9.120000000000000000e+02 7.763885660097002983e-04
9.140000000000000000e+02 6.849577766843140125e-04
9.160000000000000000e+02 9.626658284105360508e-04
9.180000000000000000e+02 1.048020087182521820e-03
9.200000000000000000e+02 1.050229882821440697e-03
9.220000000000000000e+02 7.236166857182979584e-04
9.240000000000000000e+02 9.827390313148498535e-04
9.260000000000000000e+02 8.706431835889816284e-04
9.280000000000000000e+02 1.080013928003609180e-03
9.300000000000000000e+02 9.049236541613936424e-04
9.320000000000000000e+02 8.410396985709667206e-04
9.340000000000000000e+02 9.153543505817651749e-04
9.360000000000000000e+02 1.147146103903651237e-03
9.380000000000000000e+02 1.074371510185301304e-03
9.400000000000000000e+02 9.565658983774483204e-04
9.420000000000000000e+02 9.217776241712272167e-04
9.440000000000000000e+02 8.894822676666080952e-04
9.460000000000000000e+02 4.930685972794890404e-04
9.480000000000000000e+02 6.422565784305334091e-04
9.500000000000000000e+02 1.036977861076593399e-03
9.520000000000000000e+02 3.683308023028075695e-04
9.540000000000000000e+02 3.725825226865708828e-04
9.560000000000000000e+02 4.450117121450603008e-04
9.580000000000000000e+02 2.513802319299429655e-04
9.600000000000000000e+02 2.217817527707666159e-04
9.620000000000000000e+02 3.148653777316212654e-04
9.640000000000000000e+02 1.968129654414951801e-04
9.660000000000000000e+02 4.039494087919592857e-04
9.680000000000000000e+02 2.280402695760130882e-04
9.700000000000000000e+02 1.182486012112349272e-04
9.720000000000000000e+02 -5.730960401706397533e-05
9.740000000000000000e+02 2.564041933510452509e-04
9.760000000000000000e+02 5.414465558715164661e-04
9.780000000000000000e+02 6.386918830685317516e-04
9.800000000000000000e+02 2.920066472142934799e-04
9.820000000000000000e+02 3.448080969974398613e-04
9.840000000000000000e+02 7.899806951172649860e-05
9.860000000000000000e+02 2.421658282401040196e-04
9.880000000000000000e+02 3.577400639187544584e-05
9.900000000000000000e+02 -2.154253452317789197e-04
9.920000000000000000e+02 -1.959878427442163229e-04
9.940000000000000000e+02 -9.844666055869311094e-05
9.960000000000000000e+02 -4.065825778525322676e-04
9.980000000000000000e+02 -3.333146160002797842e-04
1.000000000000000000e+03 -5.806503468193113804e-04
1.002000000000000000e+03 -6.293393089435994625e-04
1.004000000000000000e+03 -5.596703849732875824e-04
1.006000000000000000e+03 -3.376697131898254156e-04
1.008000000000000000e+03 -9.055253030965104699e-05
1.010000000000000000e+03 -2.213747211499139667e-04
1.012000000000000000e+03 -9.579886682331562042e-05
1.014000000000000000e+03 1.706967887002974749e-04
1.016000000000000000e+03 -3.775534278247505426e-04
1.018000000000000000e+03 -4.471971187740564346e-04
1.020000000000000000e+03 -1.334704429609701037e-04
1.022000000000000000e+03 -4.236418462824076414e-04
1.024000000000000000e+03 -6.459994474425911903e-04
1.026000000000000000e+03 -7.933471351861953735e-04
1.028000000000000000e+03 -7.677117246203124523e-04
1.030000000000000000e+03 -4.375418357085436583e-04
1.032000000000000000e+03 -3.393022634554654360e-04
1.034000000000000000e+03 -3.990733239334076643e-04
1.036000000000000000e+03 -6.748830492142587900e-05
1.038000000000000000e+03 2.283149806316941977e-04
1.040000000000000000e+03 3.485856268525822088e-06
1.042000000000000000e+03 1.550549204694107175e-04
1.044000000000000000e+03 -4.230998747516423464e-04
1.046000000000000000e+03 -1.757861173246055841e-04
1.048000000000000000e+03 -3.673764149425551295e-05
1.050000000000000000e+03 -2.626058703754097223e-04
1.052000000000000000e+03 -3.141954657621681690e-04
1.054000000000000000e+03 -4.928326234221458435e-04
1.056000000000000000e+03 -7.560828235000371933e-04
1.058000000000000000e+03 -2.306093520019203424e-04
1.060000000000000000e+03 -7.224183646030724049e-04
1.062000000000000000e+03 -8.573798695579171181e-04
1.064000000000000000e+03 -9.227274567820131779e-04
1.066000000000000000e+03 -4.749255022034049034e-04
1.068000000000000000e+03 -6.250152946449816227e-04
1.070000000000000000e+03 -2.070172195089980960e-04
1.072000000000000000e+03 -4.599309759214520454e-04
1.074000000000000000e+03 -2.149912324966862798e-05
1.076000000000000000e+03 -7.356840069405734539e-05
1.078000000000000000e+03 -3.189059207215905190e-04
1.080000000000000000e+03 -8.226032368838787079e-04
1.082000000000000000e+03 -1.038424088619649410e-03
1.084000000000000000e+03 -8.049713214859366417e-04
1.086000000000000000e+03 -5.676242872141301632e-04
1.088000000000000000e+03 -6.694991025142371655e-04
1.090000000000000000e+03 -7.809781818650662899e-04
1.092000000000000000e+03 -5.756870377808809280e-04
1.094000000000000000e+03 -6.997882737778127193e-04
1.096000000000000000e+03 -7.018187898211181164e-04
1.098000000000000000e+03 -2.809365978464484215e-04
1.100000000000000000e+03 -5.250022513791918755e-04
1.102000000000000000e+03 -8.421765523962676525e-04
1.104000000000000000e+03 -9.027788764797151089e-04
1.106000000000000000e+03 -9.739333181641995907e-04
1.108000000000000000e+03 -1.124338363297283649e-03
1.110000000000000000e+03 -1.029627863317728043e-03
1.112000000000000000e+03 -7.852547569200396538e-04
1.114000000000000000e+03 -3.092124825343489647e-04
1.116000000000000000e+03 -3.606575774028897285e-04
1.118000000000000000e+03 -4.822281771339476109e-04
1.120000000000000000e+03 -5.118826520629227161e-04
1.122000000000000000e+03 -4.309925425332039595e-04
1.124000000000000000e+03 -7.469027768820524216e-04
1.126000000000000000e+03 -3.378200635779649019e-04
1.128000000000000000e+03 -3.772652999032288790e-04
1.130000000000000000e+03 -4.449047846719622612e-04
1.132000000000000000e+03 -1.213927534990943968e-04
1.134000000000000000e+03 2.791594015434384346e-04
1.136000000000000000e+03 -3.373134823050349951e-04
1.138000000000000000e+03 -4.770225787069648504e-04
1.140000000000000000e+03 -1.566336868563666940e-05
1.142000000000000000e+03 -2.357105695409700274e-04
1.144000000000000000e+03 4.978255019523203373e-04
1.146000000000000000e+03 1.323050382779911160e-04
1.148000000000000000e+03 -2.351990551687777042e-04
1.150000000000000000e+03 -4.462232172954827547e-04
1.152000000000000000e+03 -7.643454009667038918e-04
1.154000000000000000e+03 -4.724616301245987415e-04
1.156000000000000000e+03 -4.731250810436904430e-04
1.158000000000000000e+03 -8.350469870492815971e-04
1.160000000000000000e+03 -8.044686983339488506e-04
1.162000000000000000e+03 -7.448599208146333694e-04
1.164000000000000000e+03 -9.089042432606220245e-04
1.166000000000000000e+03 -1.358848530799150467e-03
1.168000000000000000e+03 -1.368663855828344822e-03
1.170000000000000000e+03 -1.601185183972120285e-03
1.172000000000000000e+03 -1.666415599174797535e-03
1.174000000000000000e+03 -1.211434137076139450e-03
1.176000000000000000e+03 -9.999338071793317795e-04
1.178000000000000000e+03 -6.674336618743836880e-04
1.180000000000000000e+03 -7.951294537633657455e-04
1.182000000000000000e+03 -6.834092782810330391e-04
1.184000000000000000e+03 -9.787590242922306061e-04
1.186000000000000000e+03 -9.106990182772278786e-04
1.188000000000000000e+03 -1.015702961012721062e-03
1.190000000000000000e+03 -6.260994705371558666e-04
1.192000000000000000e+03 -3.530909889377653599e-04
1.194000000000000000e+03 -4.802699259016662836e-04
1.196000000000000000e+03 -4.956625634804368019e-04
1.198000000000000000e+03 -4.954917239956557751e-04
1.200000000000000000e+03 -7.772781536914408207e-04
1.202000000000000000e+03 -6.803562282584607601e-04
1.204000000000000000e+03 -7.942582014948129654e-04
1.206000000000000000e+03 -6.860464927740395069e-04
1.208000000000000000e+03 -1.379223307594656944e-03
1.210000000000000000e+03 -5.000344244763255119e-04
1.212000000000000000e+03 -7.339019794017076492e-04
1.214000000000000000e+03 -1.230929978191852570e-03
1.216000000000000000e+03 -1.137918210588395596e-03
1.218000000000000000e+03 -7.212798227556049824e-04
1.220000000000000000e+03 -9.611765854060649872e-04
1.222000000000000000e+03 -1.046867575496435165e-03
1.224000000000000000e+03 -9.568235836923122406e-04
1.226000000000000000e+03 -8.473348570987582207e-04
1.228000000000000000e+03 -7.229788461700081825e-04
1.230000000000000000e+03 -1.871912245405837893e-04
1.232000000000000000e+03 -1.821701443986967206e-04
1.234000000000000000e+03 8.164261234924197197e-04
1.236000000000000000e+03 4.262892762199044228e-04
1.238000000000000000e+03 5.575144314207136631e-04
1.240000000000000000e+03 9.923680045176297426e-05
1.242000000000000000e+03 -3.129196193185634911e-05
1.244000000000000000e+03 -9.726923599373549223e-05
1.246000000000000000e+03 1.674310478847473860e-04
1.248000000000000000e+03 3.556489537004381418e-04
1.250000000000000000e+03 -1.238719705725088716e-04
1.252000000000000000e+03 -1.235372037626802921e-04
1.254000000000000000e+03 6.103255873313173652e-05
1.256000000000000000e+03 -1.851155320764519274e-05
1.258000000000000000e+03 -1.600483810761943460e-04
1.260000000000000000e+03 1.638223911868408322e-04
1.262000000000000000e+03 1.793950359569862485e-04
1.264000000000000000e+03 -3.221767110517248511e-05
1.266000000000000000e+03 7.007038802839815617e-04
1.268000000000000000e+03 1.143874134868383408e-03
1.270000000000000000e+03 1.243450096808373928e-03
1.272000000000000000e+03 1.648840494453907013e-03
1.274000000000000000e+03 2.184892538934946060e-03
1.276000000000000000e+03 2.055349992588162422e-03
1.278000000000000000e+03 2.044217661023139954e-03
1.280000000000000000e+03 1.649433397687971592e-03
1.282000000000000000e+03 9.432981023564934731e-04
1.284000000000000000e+03 1.083883689716458321e-03
1.286000000000000000e+03 9.789024479687213898e-04
1.288000000000000000e+03 1.182296313345432281e-03
1.290000000000000000e+03 9.528830414637923241e-04
1.292000000000000000e+03 1.265687984414398670e-03
1.294000000000000000e+03 1.519552897661924362e-03
1.296000000000000000e+03 1.431224402040243149e-03
1.298000000000000000e+03 1.125397509895265102e-03
1.300000000000000000e+03 7.087436388246715069e-04
1.302000000000000000e+03 1.168598420917987823e-03
1.304000000000000000e+03 8.917137747630476952e-04
1.306000000000000000e+03 3.136201994493603706e-04
1.308000000000000000e+03 3.065690689254552126e-04
1.310000000000000000e+03 7.472251309081912041e-05
1.312000000000000000e+03 -4.497097688727080822e-05
1.314000000000000000e+03 6.225415854714810848e-04
1.316000000000000000e+03 7.426976226270198822e-04
1.318000000000000000e+03 -3.287568324594758451e-05
1.320000000000000000e+03 -4.602700937539339066e-04
1.322000000000000000e+03 -8.844340336509048939e-04
1.324000000000000000e+03 -1.304641715250909328e-03
1.326000000000000000e+03 -3.736836952157318592e-04
1.328000000000000000e+03 -3.445808761171065271e-05
1.330000000000000000e+03 1.444700028514489532e-04
1.332000000000000000e+03 -3.153335710521787405e-04
1.334000000000000000e+03 1.866539969341829419e-04
1.336000000000000000e+03 6.091226823627948761e-04
1.338000000000000000e+03 -9.367315942654386163e-05
1.340000000000000000e+03 -6.269920850172638893e-04
1.342000000000000000e+03 -2.656025171745568514e-04
1.344000000000000000e+03 -6.072946125641465187e-04
1.346000000000000000e+03 1.086848555132746696e-03
1.348000000000000000e+03 6.875284452689811587e-05
1.350000000000000000e+03 -4.382758634164929390e-04
1.352000000000000000e+03 3.821912396233528852e-04
1.354000000000000000e+03 1.548117492347955704e-03
1.356000000000000000e+03 1.806075451895594597e-03
1.358000000000000000e+03 2.204748336225748062e-03
1.360000000000000000e+03 2.242686226963996887e-03
1.362000000000000000e+03 2.443173201754689217e-03
1.364000000000000000e+03 9.095591376535594463e-04
1.366000000000000000e+03 1.860248274169862270e-03
1.368000000000000000e+03 3.275762777775526047e-03
1.370000000000000000e+03 4.080628510564565659e-03
1.372000000000000000e+03 2.340858802199363708e-03
1.374000000000000000e+03 1.462132902815937996e-03
1.376000000000000000e+03 3.152334596961736679e-03
1.378000000000000000e+03 3.036759095266461372e-03
1.380000000000000000e+03 7.519188802689313889e-04
1.382000000000000000e+03 1.945689786225557327e-03
1.384000000000000000e+03 2.630084520205855370e-03
1.386000000000000000e+03 2.555942628532648087e-03
1.388000000000000000e+03 4.104213323444128036e-03
1.390000000000000000e+03 5.073660053312778473e-03
1.392000000000000000e+03 5.490772891789674759e-03
1.394000000000000000e+03 5.506729707121849060e-03
1.396000000000000000e+03 2.584803150966763496e-03
1.398000000000000000e+03 4.391628783196210861e-03
1.400000000000000000e+03 6.561414338648319244e-04
1.402000000000000000e+03 -1.176430727355182171e-03
1.404000000000000000e+03 1.812495873309671879e-03
1.406000000000000000e+03 1.115275973202222467e-16
