0.000000000000000000e+00 9.371385723352432251e-02
2.000000000000000000e+00 4.325794801115989685e-02
4.000000000000000000e+00 3.205085918307304382e-02
6.000000000000000000e+00 2.529738657176494598e-02
8.000000000000000000e+00 2.022023871541023254e-02
1.000000000000000000e+01 1.691955514252185822e-02
1.200000000000000000e+01 1.419144403189420700e-02
1.400000000000000000e+01 1.159738376736640930e-02
1.600000000000000000e+01 9.745347313582897186e-03
1.800000000000000000e+01 8.736958727240562439e-03
2.000000000000000000e+01 7.189384661614894867e-03
2.200000000000000000e+01 6.252093240618705750e-03
2.400000000000000000e+01 5.280126351863145828e-03
2.600000000000000000e+01 4.593329038470983505e-03
2.800000000000000000e+01 3.795173484832048416e-03
3.000000000000000000e+01 2.935325726866722107e-03
3.200000000000000000e+01 2.913168398663401604e-03
3.400000000000000000e+01 3.207442117854952812e-03
3.600000000000000000e+01 3.242348320782184601e-03
3.800000000000000000e+01 3.313932102173566818e-03
4.000000000000000000e+01 2.945112297311425209e-03
4.200000000000000000e+01 2.287575276568531990e-03
4.400000000000000000e+01 2.710247412323951721e-03
4.600000000000000000e+01 2.308312337845563889e-03
4.800000000000000000e+01 2.061221748590469360e-03
5.000000000000000000e+01 2.231377409771084785e-03
5.200000000000000000e+01 1.892175176180899143e-03
5.400000000000000000e+01 1.630925806239247322e-03
5.600000000000000000e+01 1.552901230752468109e-03
5.800000000000000000e+01 1.214735675603151321e-03
6.000000000000000000e+01 4.314179823268204927e-04
6.200000000000000000e+01 7.578760851174592972e-04
6.400000000000000000e+01 5.947902682237327099e-04
6.600000000000000000e+01 2.629983937367796898e-04
6.800000000000000000e+01 6.142412312328815460e-04
7.000000000000000000e+01 2.245511132059618831e-04
7.200000000000000000e+01 5.052794003859162331e-04
7.400000000000000000e+01 5.628472426906228065e-04
7.600000000000000000e+01 2.536378742661327124e-04
7.800000000000000000e+01 5.539282574318349361e-04
8.000000000000000000e+01 8.992919902084395289e-05
8.200000000000000000e+01 9.617355535738170147e-04
8.400000000000000000e+01 1.474865828640758991e-03
8.600000000000000000e+01 9.191810386255383492e-04
8.800000000000000000e+01 7.174478960223495960e-04
9.000000000000000000e+01 1.011816319078207016e-03
9.200000000000000000e+01 1.161534572020173073e-03
9.400000000000000000e+01 1.317660091444849968e-03
9.600000000000000000e+01 9.082166943699121475e-04
9.800000000000000000e+01 8.293138234876096249e-04
1.000000000000000000e+02 7.135991472750902176e-04
1.020000000000000000e+02 8.918542298488318920e-04
1.040000000000000000e+02 1.636234519537538290e-04
1.060000000000000000e+02 2.863405388779938221e-04
1.080000000000000000e+02 2.284668007632717490e-04
1.100000000000000000e+02 6.248107529245316982e-04
1.120000000000000000e+02 4.754400870297104120e-04
1.140000000000000000e+02 1.221069949679076672e-03
1.160000000000000000e+02 9.748287266120314598e-04
1.180000000000000000e+02 8.180714212357997894e-04
1.200000000000000000e+02 1.120706787332892418e-03
1.220000000000000000e+02 1.209410605952143669e-03
1.240000000000000000e+02 1.970957819139584899e-04
1.260000000000000000e+02 2.082786668324843049e-04
1.280000000000000000e+02 1.931911538122221828e-04
1.300000000000000000e+02 -9.395216329721733928e-05
1.320000000000000000e+02 -2.158654970116913319e-04
1.340000000000000000e+02 1.082684175344184041e-04
1.360000000000000000e+02 -2.592445234768092632e-04
1.380000000000000000e+02 -3.342109557706862688e-04
1.400000000000000000e+02 -9.923258330672979355e-04
1.420000000000000000e+02 -3.774765646085143089e-04
1.440000000000000000e+02 1.176268779090605676e-05
1.460000000000000000e+02 3.070826933253556490e-04
1.480000000000000000e+02 -4.444595833774656057e-04
1.500000000000000000e+02 1.093329847208224237e-04
1.520000000000000000e+02 3.254123148508369923e-04
1.540000000000000000e+02 5.907124141231179237e-04
1.560000000000000000e+02 3.016419941559433937e-04
1.580000000000000000e+02 1.520314981462433934e-04
1.600000000000000000e+02 1.055476968758739531e-04
1.620000000000000000e+02 -2.750741259660571814e-04
1.640000000000000000e+02 2.056669763987883925e-04
1.660000000000000000e+02 1.133752302848733962e-04
1.680000000000000000e+02 -5.769196432083845139e-04
1.700000000000000000e+02 -8.194069960154592991e-05
1.720000000000000000e+02 3.073246989515610039e-05
1.740000000000000000e+02 -6.999732431722804904e-05
1.760000000000000000e+02 7.603365811519324780e-04
1.780000000000000000e+02 5.842379759997129440e-04
1.800000000000000000e+02 7.338452269323170185e-04
1.820000000000000000e+02 1.047432306222617626e-03
1.840000000000000000e+02 7.003789651207625866e-04
1.860000000000000000e+02 4.222244897391647100e-04
1.880000000000000000e+02 5.172832170501351357e-04
1.900000000000000000e+02 -9.049148502526804805e-05
1.920000000000000000e+02 4.211091727484017611e-04
1.940000000000000000e+02 -2.624459448270499706e-04
1.960000000000000000e+02 -1.332350424490869045e-03
1.980000000000000000e+02 -6.916397833265364170e-04
2.000000000000000000e+02 -4.419804608915001154e-04
2.020000000000000000e+02 -5.444334237836301327e-04
2.040000000000000000e+02 -3.402644069865345955e-04
2.060000000000000000e+02 -7.836531731300055981e-04
2.080000000000000000e+02 -1.039810478687286377e-03
2.100000000000000000e+02 -3.079156449530273676e-04
2.120000000000000000e+02 -1.010205014608800411e-04
2.140000000000000000e+02 -1.864771911641582847e-04
2.160000000000000000e+02 -5.470340838655829430e-04
2.180000000000000000e+02 -8.038658415898680687e-04
2.200000000000000000e+02 -9.083989425562322140e-04
2.220000000000000000e+02 -8.844052790664136410e-04
2.240000000000000000e+02 -7.433057762682437897e-04
2.260000000000000000e+02 -4.501846560742706060e-04
2.280000000000000000e+02 -8.220768067985773087e-04
2.300000000000000000e+02 -7.683224393986165524e-04
2.320000000000000000e+02 -3.584705409593880177e-04
2.340000000000000000e+02 -9.795691585168242455e-05
2.360000000000000000e+02 -5.109278718009591103e-04
2.380000000000000000e+02 -1.102491951314732432e-04
2.400000000000000000e+02 -4.869796102866530418e-04
2.420000000000000000e+02 -2.205194323323667049e-04
2.440000000000000000e+02 1.369594974676147103e-05
2.460000000000000000e+02 2.114918788720387965e-05
2.480000000000000000e+02 4.667912435252219439e-04
2.500000000000000000e+02 6.596109014935791492e-04
2.520000000000000000e+02 2.680739853531122208e-04
2.540000000000000000e+02 -2.245702344225719571e-04
2.560000000000000000e+02 -3.532256232574582100e-04
2.580000000000000000e+02 -5.448760930448770523e-04
2.600000000000000000e+02 -6.132338312454521656e-04
2.620000000000000000e+02 -4.569373268168419600e-04
2.640000000000000000e+02 -8.494120265822857618e-05
2.660000000000000000e+02 -4.327133647166192532e-04
2.680000000000000000e+02 -2.874930505640804768e-04
2.700000000000000000e+02 2.524279443605337292e-05
2.720000000000000000e+02 -4.003194771939888597e-05
2.740000000000000000e+02 -3.810185298789292574e-04
2.760000000000000000e+02 -5.908116581849753857e-04
2.780000000000000000e+02 -5.208330694586038589e-04
2.800000000000000000e+02 -7.087280391715466976e-04
2.820000000000000000e+02 6.182588549563661218e-05
2.840000000000000000e+02 6.421210709959268570e-04
2.860000000000000000e+02 4.984754486940801144e-04
2.880000000000000000e+02 9.645920945331454277e-04
2.900000000000000000e+02 1.586918486282229424e-03
2.920000000000000000e+02 2.173156477510929108e-03
2.940000000000000000e+02 1.944720279425382614e-03
2.960000000000000000e+02 1.389664830639958382e-03
2.980000000000000000e+02 1.713807228952646255e-03
3.000000000000000000e+02 1.220298581756651402e-03
3.020000000000000000e+02 1.036168076097965240e-03
3.040000000000000000e+02 1.200625323690474033e-03
3.060000000000000000e+02 7.412681588903069496e-04
3.080000000000000000e+02 5.413460894487798214e-04
3.100000000000000000e+02 5.011066677980124950e-04
3.120000000000000000e+02 -2.144961472367867827e-04
3.140000000000000000e+02 5.024957936257123947e-04
3.160000000000000000e+02 -1.116103521781042218e-04
3.180000000000000000e+02 -5.473624332807958126e-04
3.200000000000000000e+02 -5.863468977622687817e-04
3.220000000000000000e+02 -4.841408808715641499e-04
3.240000000000000000e+02 -6.581880734302103519e-04
3.260000000000000000e+02 1.456061727367341518e-04
3.280000000000000000e+02 -2.429777232464402914e-04
3.300000000000000000e+02 -1.968518336070701480e-04
3.320000000000000000e+02 3.519374877214431763e-04
3.340000000000000000e+02 -6.127549568191170692e-05
3.360000000000000000e+02 -4.983941107639111578e-05
3.380000000000000000e+02 1.623879943508654833e-04
3.400000000000000000e+02 1.490467111580073833e-04
3.420000000000000000e+02 3.543358179740607738e-04
3.440000000000000000e+02 3.125709772575646639e-04
3.460000000000000000e+02 1.106525633076671511e-05
3.480000000000000000e+02 4.388176021166145802e-04
3.500000000000000000e+02 -6.422527076210826635e-05
3.520000000000000000e+02 5.037410301156342030e-04
3.540000000000000000e+02 7.273149676620960236e-04
3.560000000000000000e+02 1.975258637685328722e-04
3.580000000000000000e+02 3.097869921475648880e-04
3.600000000000000000e+02 -5.608288338407874107e-04
3.620000000000000000e+02 -6.802118732593953609e-04
3.640000000000000000e+02 -1.688259071670472622e-04
3.660000000000000000e+02 -4.215794033370912075e-04
3.680000000000000000e+02 -3.621114010456949472e-04
3.700000000000000000e+02 1.095304542104713619e-04
3.720000000000000000e+02 1.353765401290729642e-04
3.740000000000000000e+02 1.448388065909966826e-04
3.760000000000000000e+02 -3.386476892046630383e-04
3.780000000000000000e+02 9.549320384394377470e-05
3.800000000000000000e+02 -5.028476007282733917e-04
3.820000000000000000e+02 -3.063552721869200468e-04
3.840000000000000000e+02 1.515187905170023441e-04
3.860000000000000000e+02 3.130600671283900738e-04
3.880000000000000000e+02 6.806877790950238705e-04
3.900000000000000000e+02 6.461989833042025566e-04
3.920000000000000000e+02 1.586335012689232826e-03
3.940000000000000000e+02 1.564319827593863010e-03
3.960000000000000000e+02 5.983812152408063412e-04
3.980000000000000000e+02 3.153489669784903526e-04
4.000000000000000000e+02 6.969440728425979614e-04
4.020000000000000000e+02 2.417593786958605051e-04
4.040000000000000000e+02 6.232268060557544231e-05
4.060000000000000000e+02 4.223700670991092920e-04
4.080000000000000000e+02 3.357184177730232477e-04
4.100000000000000000e+02 2.143439487554132938e-04
4.120000000000000000e+02 2.409085427643731236e-04
4.140000000000000000e+02 6.184431258589029312e-04
4.160000000000000000e+02 5.252588307484984398e-04
4.180000000000000000e+02 8.221066091209650040e-04
4.200000000000000000e+02 -1.822448102757334709e-04
4.220000000000000000e+02 -3.266116254962980747e-05
4.240000000000000000e+02 2.057282399618998170e-04
4.260000000000000000e+02 6.792774074710905552e-04
4.280000000000000000e+02 -4.661263956222683191e-04
4.300000000000000000e+02 -1.422585803084075451e-03
4.320000000000000000e+02 -1.724309520795941353e-03
4.340000000000000000e+02 -1.148404437117278576e-03
4.360000000000000000e+02 -1.026963582262396812e-03
4.380000000000000000e+02 -1.253903610631823540e-03
4.400000000000000000e+02 -4.847484524361789227e-04
4.420000000000000000e+02 -1.186933834105730057e-03
4.440000000000000000e+02 -3.601298376452177763e-04
4.460000000000000000e+02 -6.018163985572755337e-04
4.480000000000000000e+02 -6.808553007431328297e-04
4.500000000000000000e+02 -2.234545390820130706e-04
4.520000000000000000e+02 -3.556737647159025073e-05
4.540000000000000000e+02 -1.031113351928070188e-04
4.560000000000000000e+02 -6.365249864757061005e-04
4.580000000000000000e+02 -2.056330558843910694e-04
4.600000000000000000e+02 -1.205885710078291595e-04
4.620000000000000000e+02 2.483009666320867836e-05
4.640000000000000000e+02 2.724931691773235798e-04
4.660000000000000000e+02 -2.153903042199090123e-04
4.680000000000000000e+02 4.799182352144271135e-05
4.700000000000000000e+02 1.021848729578778148e-04
4.720000000000000000e+02 2.824586408678442240e-04
4.740000000000000000e+02 -2.059690596070140600e-04
4.760000000000000000e+02 8.532296051271259785e-04
4.780000000000000000e+02 -9.546858200337737799e-05
4.800000000000000000e+02 -9.863416926236823201e-05
4.820000000000000000e+02 -3.439269494265317917e-04
4.840000000000000000e+02 -2.382278762524947524e-04
4.860000000000000000e+02 -3.514074196573346853e-04
4.880000000000000000e+02 -1.567721337778493762e-04
4.900000000000000000e+02 1.378060987917706370e-04
4.920000000000000000e+02 -3.865933394990861416e-04
4.940000000000000000e+02 -1.046037214109674096e-04
4.960000000000000000e+02 2.682516060303896666e-04
4.980000000000000000e+02 4.575992061290889978e-04
5.000000000000000000e+02 2.028884919127449393e-04
5.020000000000000000e+02 8.118535624817013741e-04
5.040000000000000000e+02 2.145560574717819691e-04
5.060000000000000000e+02 9.313069313066080213e-06
5.080000000000000000e+02 5.111312493681907654e-04
5.100000000000000000e+02 -1.533813920104876161e-04
5.120000000000000000e+02 -1.189713948406279087e-04
5.140000000000000000e+02 3.023140889126807451e-04
5.160000000000000000e+02 -2.840916858986020088e-04
5.180000000000000000e+02 -1.389045792166143656e-04
5.200000000000000000e+02 4.076855930179590359e-06
5.220000000000000000e+02 5.111488862894475460e-04
5.240000000000000000e+02 8.702717022970318794e-04
5.260000000000000000e+02 9.753530612215399742e-04
5.280000000000000000e+02 1.255492679774761200e-03
5.300000000000000000e+02 9.988230885937809944e-04
5.320000000000000000e+02 5.443072877824306488e-04
5.340000000000000000e+02 9.036727133207023144e-04
5.360000000000000000e+02 7.874625734984874725e-04
5.380000000000000000e+02 7.821877370588481426e-04
5.400000000000000000e+02 4.649501352105289698e-04
5.420000000000000000e+02 6.577907479368150234e-04
5.440000000000000000e+02 1.520261575933545828e-04
5.460000000000000000e+02 7.026999955996870995e-04
5.480000000000000000e+02 1.128211588365957141e-04
5.500000000000000000e+02 4.281196379452012479e-05
5.520000000000000000e+02 4.089001158718019724e-04
5.540000000000000000e+02 6.372550851665437222e-04
5.560000000000000000e+02 -8.049976895563304424e-05
5.580000000000000000e+02 3.518591693136841059e-04
5.600000000000000000e+02 5.722048226743936539e-04
5.620000000000000000e+02 3.307604056317359209e-04
5.640000000000000000e+02 2.311617863597348332e-04
5.660000000000000000e+02 7.644134893780574203e-05
5.680000000000000000e+02 -4.890141644864343107e-05
5.700000000000000000e+02 9.767350275069475174e-04
5.720000000000000000e+02 3.594120207708328962e-04
5.740000000000000000e+02 -7.486894901376217604e-05
5.760000000000000000e+02 8.418379366048611701e-06
5.780000000000000000e+02 2.180925221182405949e-04
5.800000000000000000e+02 1.579590752953663468e-04
5.820000000000000000e+02 5.181356682442128658e-04
5.840000000000000000e+02 1.107905263779684901e-04
5.860000000000000000e+02 5.403244285844266415e-04
5.880000000000000000e+02 6.639737403020262718e-04
5.900000000000000000e+02 7.037866162136197090e-04
5.920000000000000000e+02 2.674102724995464087e-04
5.940000000000000000e+02 2.741499883995857090e-05
5.960000000000000000e+02 -1.581637188792228699e-04
5.980000000000000000e+02 2.363906824029982090e-04
6.000000000000000000e+02 1.412534737028181553e-03
6.020000000000000000e+02 1.177635975182056427e-03
6.040000000000000000e+02 1.136796898208558559e-03
6.060000000000000000e+02 1.009239582344889641e-03
6.080000000000000000e+02 1.078551169484853745e-03
6.100000000000000000e+02 1.008149818517267704e-03
6.120000000000000000e+02 1.270917244255542755e-03
6.140000000000000000e+02 8.907042210921645164e-04
6.160000000000000000e+02 9.520404273644089699e-04
6.180000000000000000e+02 8.875077473931014538e-04
6.200000000000000000e+02 8.728190441615879536e-04
6.220000000000000000e+02 6.012439844198524952e-04
6.240000000000000000e+02 2.737455652095377445e-04
6.260000000000000000e+02 8.632767130620777607e-04
6.280000000000000000e+02 -2.549807140894699842e-05
6.300000000000000000e+02 1.817848169594071805e-05
6.320000000000000000e+02 4.196554364170879126e-04
6.340000000000000000e+02 -6.245410186238586903e-04
6.360000000000000000e+02 -1.584771234774962068e-04
6.380000000000000000e+02 -6.755692447768524289e-05
6.400000000000000000e+02 -2.462845586705952883e-04
6.420000000000000000e+02 -2.132616937160491943e-04
6.440000000000000000e+02 7.288204506039619446e-05
6.460000000000000000e+02 -6.232044543139636517e-04
6.480000000000000000e+02 -3.815661693806760013e-05
6.500000000000000000e+02 -5.326548125594854355e-04
6.520000000000000000e+02 -9.894187096506357193e-04
6.540000000000000000e+02 -4.889765987172722816e-04
6.560000000000000000e+02 -6.156407762318849564e-04
6.580000000000000000e+02 2.443894663883838803e-05
6.600000000000000000e+02 1.067957928171381354e-04
6.620000000000000000e+02 -6.387939793057739735e-04
6.640000000000000000e+02 -6.625572568736970425e-04
6.660000000000000000e+02 -1.010554260574281216e-03
6.680000000000000000e+02 -3.074254491366446018e-04
6.700000000000000000e+02 -1.148950774222612381e-03
6.720000000000000000e+02 -1.730113726807758212e-04
6.740000000000000000e+02 -2.737687027547508478e-04
6.760000000000000000e+02 -3.842371370410546660e-05
6.780000000000000000e+02 5.873155314475297928e-04
6.800000000000000000e+02 2.350474824197590351e-04
6.820000000000000000e+02 4.218126705382019281e-04
6.840000000000000000e+02 7.169824675656855106e-04
6.860000000000000000e+02 3.015060501638799906e-04
6.880000000000000000e+02 2.900270919781178236e-04
6.900000000000000000e+02 6.983497587498277426e-05
6.920000000000000000e+02 -9.896582196233794093e-05
6.940000000000000000e+02 -4.032000433653593063e-04
6.960000000000000000e+02 -2.626544737722724676e-04
6.980000000000000000e+02 -2.491216873750090599e-04
7.000000000000000000e+02 -8.170603541657328606e-05
7.020000000000000000e+02 -9.975169086828827858e-04
7.040000000000000000e+02 -1.371709222439676523e-04
7.060000000000000000e+02 4.119262157473713160e-04
7.080000000000000000e+02 6.315240752883255482e-04
7.100000000000000000e+02 1.199579332023859024e-03
7.120000000000000000e+02 5.782047519460320473e-04
7.140000000000000000e+02 6.933390977792441845e-04
7.160000000000000000e+02 1.003391109406948090e-03
7.180000000000000000e+02 9.275092743337154388e-04
7.200000000000000000e+02 2.366396802244707942e-04
7.220000000000000000e+02 8.104956941679120064e-04
7.240000000000000000e+02 4.785390337929129601e-04
7.260000000000000000e+02 -2.838072541635483503e-04
7.280000000000000000e+02 -6.134271388873457909e-04
7.300000000000000000e+02 -9.625873062759637833e-04
7.320000000000000000e+02 -1.521246973425149918e-03
7.340000000000000000e+02 -1.655422151088714600e-03
7.360000000000000000e+02 -1.068293000571429729e-03
7.380000000000000000e+02 -8.183019817806780338e-04
7.400000000000000000e+02 -1.137788291089236736e-03
7.420000000000000000e+02 -5.696064326912164688e-04
7.440000000000000000e+02 -1.100842724554240704e-03
7.460000000000000000e+02 -6.705793784931302071e-04
7.480000000000000000e+02 -1.224650652147829533e-03
7.500000000000000000e+02 -4.849096876569092274e-04
7.520000000000000000e+02 3.965007272199727595e-05
7.540000000000000000e+02 -9.021299192681908607e-04
7.560000000000000000e+02 -7.181754917837679386e-04
7.580000000000000000e+02 -5.151517107151448727e-04
7.600000000000000000e+02 -1.002191333100199699e-03
7.620000000000000000e+02 -1.952491147676482797e-04
7.640000000000000000e+02 -8.866451680660247803e-04
7.660000000000000000e+02 -7.482732180505990982e-04
7.680000000000000000e+02 -7.986907730810344219e-04
7.700000000000000000e+02 -9.273748728446662426e-04
7.720000000000000000e+02 -7.118651992641389370e-04
7.740000000000000000e+02 -1.295988564379513264e-03
7.760000000000000000e+02 -1.214109011925756931e-03
7.780000000000000000e+02 -1.601520343683660030e-03
7.800000000000000000e+02 -1.233221497386693954e-03
7.820000000000000000e+02 -7.894028676673769951e-04
7.840000000000000000e+02 -5.349026178009808064e-04
7.860000000000000000e+02 -4.599738167598843575e-04
7.880000000000000000e+02 -8.398558129556477070e-04
7.900000000000000000e+02 -1.009945757687091827e-03
7.920000000000000000e+02 -7.859038305468857288e-04
7.940000000000000000e+02 -1.052877400070428848e-03
7.960000000000000000e+02 -1.021033851429820061e-03
7.980000000000000000e+02 -7.821584003977477551e-04
8.000000000000000000e+02 -1.632583735045045614e-04
8.020000000000000000e+02 -2.992420922964811325e-04
8.040000000000000000e+02 -3.113987913820892572e-04
8.060000000000000000e+02 -4.115806077606976032e-04
8.080000000000000000e+02 -1.223482307977974415e-03
8.100000000000000000e+02 -1.148115610703825951e-03
8.120000000000000000e+02 -9.480467997491359711e-04
8.140000000000000000e+02 -3.882322926074266434e-04
8.160000000000000000e+02 2.619658771436661482e-04
8.180000000000000000e+02 3.437684208620339632e-04
8.200000000000000000e+02 1.986369607038795948e-04
8.220000000000000000e+02 7.416880107484757900e-04
8.240000000000000000e+02 -1.808381493901833892e-04
8.260000000000000000e+02 -7.475963502656668425e-05
8.280000000000000000e+02 1.604126919119153172e-05
8.300000000000000000e+02 3.462681779637932777e-04
8.320000000000000000e+02 2.881461987271904945e-04
8.340000000000000000e+02 7.047927938401699066e-04
8.360000000000000000e+02 5.688054370693862438e-04
8.380000000000000000e+02 6.872515659779310226e-04
8.400000000000000000e+02 4.671538190450519323e-04
8.420000000000000000e+02 5.499264225363731384e-04
8.440000000000000000e+02 7.207412272691726685e-04
8.460000000000000000e+02 5.301571800373494625e-04
8.480000000000000000e+02 -6.117512239143252373e-04
8.500000000000000000e+02 -7.372202162514440715e-06
8.520000000000000000e+02 -2.063835017906967551e-05
8.540000000000000000e+02 1.698578475043177605e-03
8.560000000000000000e+02 1.517914352007210255e-03
8.580000000000000000e+02 5.786548717878758907e-04
8.600000000000000000e+02 1.045699696987867355e-03
8.620000000000000000e+02 2.614512923173606396e-04
8.640000000000000000e+02 5.344177770894020796e-05
8.660000000000000000e+02 7.210587500594556332e-04
8.680000000000000000e+02 -3.781643463298678398e-04
8.700000000000000000e+02 4.440170596353709698e-04
8.720000000000000000e+02 -8.469452950521372259e-06
8.740000000000000000e+02 4.090139991603791714e-04
8.760000000000000000e+02 9.872392547549679875e-05
8.780000000000000000e+02 2.971877984236925840e-04
8.800000000000000000e+02 -4.686005122493952513e-04
8.820000000000000000e+02 -1.036633511830586940e-05
8.840000000000000000e+02 9.289868467021733522e-05
8.860000000000000000e+02 4.748165374621748924e-04
8.880000000000000000e+02 -1.300789790548151359e-05
8.900000000000000000e+02 -4.449230909813195467e-04
8.920000000000000000e+02 -7.825110806152224541e-04
8.940000000000000000e+02 -7.322222227230668068e-04
8.960000000000000000e+02 -7.746887276880443096e-04
8.980000000000000000e+02 -1.525450061308220029e-04
9.000000000000000000e+02 1.336773624643683434e-03
9.020000000000000000e+02 -3.277194991824217141e-05
9.040000000000000000e+02 6.482215394498780370e-05
9.060000000000000000e+02 3.488970687612891197e-04
9.080000000000000000e+02 4.321254891692660749e-05
9.100000000000000000e+02 -2.140647120540961623e-04
9.120000000000000000e+02 -5.412190221250057220e-04
9.140000000000000000e+02 5.488437018357217312e-04
9.160000000000000000e+02 1.668621407588943839e-04
9.180000000000000000e+02 5.969178164377808571e-04
9.200000000000000000e+02 4.982584141544066370e-05
9.220000000000000000e+02 -1.883431541500613093e-04
9.240000000000000000e+02 8.935647929320111871e-05
9.260000000000000000e+02 -4.714318783953785896e-04
9.280000000000000000e+02 -5.117419641464948654e-04
9.300000000000000000e+02 -3.105861542280763388e-04
9.320000000000000000e+02 -6.255166372284293175e-04
9.340000000000000000e+02 -9.925492340698838234e-04
9.360000000000000000e+02 -2.004233974730595946e-04
9.380000000000000000e+02 3.609364794101566076e-04
9.400000000000000000e+02 8.387058187508955598e-05
9.420000000000000000e+02 6.233825115486979485e-04
9.440000000000000000e+02 9.015885880216956139e-04
9.460000000000000000e+02 1.280652009882032871e-03
9.480000000000000000e+02 1.278760377317667007e-03
9.500000000000000000e+02 -1.756487035891041160e-04
9.520000000000000000e+02 6.907486240379512310e-04
9.540000000000000000e+02 1.477322075515985489e-03
9.560000000000000000e+02 7.377205183729529381e-04
9.580000000000000000e+02 9.479179279878735542e-04
9.600000000000000000e+02 8.452965994365513325e-04
9.620000000000000000e+02 1.460241270251572132e-03
9.640000000000000000e+02 8.079093531705439091e-04
9.660000000000000000e+02 9.799231775104999542e-04
9.680000000000000000e+02 6.994748837314546108e-04
9.700000000000000000e+02 5.142398294992744923e-04
9.720000000000000000e+02 2.487001474946737289e-04
9.740000000000000000e+02 -2.557755215093493462e-04
9.760000000000000000e+02 -2.849194861482828856e-04
9.780000000000000000e+02 -1.089035999029874802e-03
9.800000000000000000e+02 -6.829300546087324619e-04
9.820000000000000000e+02 -1.136524952016770840e-03
9.840000000000000000e+02 -3.312291519250720739e-04
9.860000000000000000e+02 -4.870734410360455513e-04
9.880000000000000000e+02 4.662218561861664057e-04
9.900000000000000000e+02 5.992320366203784943e-04
9.920000000000000000e+02 1.139530431828461587e-04
9.940000000000000000e+02 -6.603636429645121098e-04
9.960000000000000000e+02 -1.008041901513934135e-03
9.980000000000000000e+02 -3.169624251313507557e-04
1.000000000000000000e+03 -7.516815821873024106e-05
1.002000000000000000e+03 7.267847540788352489e-04
1.004000000000000000e+03 1.587140257470309734e-03
1.006000000000000000e+03 7.425219519063830376e-04
1.008000000000000000e+03 1.261612051166594028e-03
1.010000000000000000e+03 1.869129948318004608e-03
1.012000000000000000e+03 1.170895528048276901e-03
1.014000000000000000e+03 1.499475678429007530e-03
1.016000000000000000e+03 2.029112540185451508e-03
1.018000000000000000e+03 8.477125084027647972e-04
1.020000000000000000e+03 1.919947681017220020e-03
1.022000000000000000e+03 1.438777195289731026e-03
1.024000000000000000e+03 1.371970865875482559e-03
1.026000000000000000e+03 4.453255678527057171e-04
1.028000000000000000e+03 8.124197483994066715e-04
1.030000000000000000e+03 -7.329846994252875447e-05
1.032000000000000000e+03 -5.441262037493288517e-04
1.034000000000000000e+03 -5.044971476309001446e-04
1.036000000000000000e+03 -3.043616306968033314e-04
1.038000000000000000e+03 -1.383626949973404408e-03
1.040000000000000000e+03 -1.068517914973199368e-03
1.042000000000000000e+03 -1.223956001922488213e-03
1.044000000000000000e+03 -1.553333248011767864e-03
1.046000000000000000e+03 -1.418741070665419102e-03
1.048000000000000000e+03 -1.311500207521021366e-03
1.050000000000000000e+03 -7.897934992797672749e-04
1.052000000000000000e+03 4.398338787723332644e-04
1.054000000000000000e+03 6.709357257932424545e-04
1.056000000000000000e+03 -3.824624873232096434e-04
1.058000000000000000e+03 1.737201964715495706e-04
1.060000000000000000e+03 -3.954942221753299236e-04
1.062000000000000000e+03 5.641935786115936935e-05
1.064000000000000000e+03 6.530444952659308910e-04
1.066000000000000000e+03 9.011380607262253761e-04
1.068000000000000000e+03 9.784510621102526784e-05
1.070000000000000000e+03 3.600036434363573790e-04
1.072000000000000000e+03 -1.583241974003612995e-04
1.074000000000000000e+03 -4.642311832867562771e-04
1.076000000000000000e+03 1.014754059724509716e-03
1.078000000000000000e+03 7.970154547365382314e-05
1.080000000000000000e+03 6.395691889338195324e-04
1.082000000000000000e+03 1.742789987474679947e-03
1.084000000000000000e+03 1.212153933010995388e-03
1.086000000000000000e+03 1.492340117692947388e-03
1.088000000000000000e+03 1.526247593574225903e-03
1.090000000000000000e+03 1.520900405012071133e-03
1.092000000000000000e+03 -4.439878102857619524e-05
1.094000000000000000e+03 3.630623104982078075e-04
1.096000000000000000e+03 -5.543962470255792141e-04
1.098000000000000000e+03 -1.637514331378042698e-03
1.100000000000000000e+03 -8.773132576607167721e-04
1.102000000000000000e+03 -2.416398056084290147e-04
1.104000000000000000e+03 2.715990995056927204e-04
1.106000000000000000e+03 -1.768786023603752255e-04
1.108000000000000000e+03 -5.292079877108335495e-04
1.110000000000000000e+03 -1.532525289803743362e-03
1.112000000000000000e+03 -8.839539950713515282e-04
1.114000000000000000e+03 -1.132400240749120712e-03
1.116000000000000000e+03 -1.029660576023161411e-03
1.118000000000000000e+03 -1.181237050332129002e-03
1.120000000000000000e+03 -2.091631991788744926e-03
1.122000000000000000e+03 2.380571386311203241e-04
1.124000000000000000e+03 6.462118471972644329e-05
1.126000000000000000e+03 1.176761812530457973e-03
1.128000000000000000e+03 3.582728968467563391e-04
1.130000000000000000e+03 6.317010265775024891e-04
1.132000000000000000e+03 -3.617338370531797409e-04
1.134000000000000000e+03 -2.879783278331160545e-04
1.136000000000000000e+03 -4.594966885633766651e-04
1.138000000000000000e+03 5.796791519969701767e-04
1.140000000000000000e+03 8.047682931646704674e-04
1.142000000000000000e+03 5.915659130550920963e-04
1.144000000000000000e+03 6.659694481641054153e-04
1.146000000000000000e+03 6.981526385061442852e-04
1.148000000000000000e+03 1.518456701887771487e-04
1.150000000000000000e+03 -5.633368855342268944e-04
1.152000000000000000e+03 1.441070577129721642e-03
1.154000000000000000e+03 6.315623759292066097e-04
1.156000000000000000e+03 9.163104114122688770e-04
1.158000000000000000e+03 8.978050318546593189e-04
1.160000000000000000e+03 3.282436809968203306e-04
1.162000000000000000e+03 3.382329887244850397e-04
1.164000000000000000e+03 1.527733984403312206e-04
1.166000000000000000e+03 -6.924687186256051064e-04
1.168000000000000000e+03 4.868207906838506460e-04
1.170000000000000000e+03 -2.510906597308348864e-05
1.172000000000000000e+03 -7.255250820890069008e-04
1.174000000000000000e+03 -5.557042895816266537e-04
1.176000000000000000e+03 -1.004177262075245380e-03
1.178000000000000000e+03 -1.116488943807780743e-03
1.180000000000000000e+03 -1.773726311512291431e-03
1.182000000000000000e+03 -1.143798697739839554e-03
1.184000000000000000e+03 -2.228174358606338501e-03
1.186000000000000000e+03 -2.727835206314921379e-03
1.188000000000000000e+03 -1.387376454658806324e-03
1.190000000000000000e+03 -1.101232366636395454e-03
1.192000000000000000e+03 -2.462129108607769012e-03
1.194000000000000000e+03 -1.303405500948429108e-03
1.196000000000000000e+03 -1.191991847008466721e-03
1.198000000000000000e+03 8.271767874248325825e-04
1.200000000000000000e+03 1.223630504682660103e-03
1.202000000000000000e+03 1.023932127282023430e-03
1.204000000000000000e+03 2.072487724944949150e-03
1.206000000000000000e+03 1.769010908901691437e-03
1.208000000000000000e+03 1.095022074878215790e-03
1.210000000000000000e+03 9.659200441092252731e-04
1.212000000000000000e+03 -7.532080053351819515e-04
1.214000000000000000e+03 -1.535443821921944618e-03
1.216000000000000000e+03 -8.561678114347159863e-04
1.218000000000000000e+03 -8.059794199652969837e-04
1.220000000000000000e+03 -1.157173188403248787e-03
1.222000000000000000e+03 -1.058927504345774651e-03
1.224000000000000000e+03 -5.355947650969028473e-04
1.226000000000000000e+03 3.136835875920951366e-04
1.228000000000000000e+03 -8.172200759872794151e-04
1.230000000000000000e+03 -1.440642867237329483e-03
1.232000000000000000e+03 -3.029860672540962696e-04
1.234000000000000000e+03 -6.685334374196827412e-04
1.236000000000000000e+03 1.697704574326053262e-04
1.238000000000000000e+03 -1.161410473287105560e-03
1.240000000000000000e+03 -4.347407084424048662e-04
1.242000000000000000e+03 -9.095811947190668434e-06
1.244000000000000000e+03 -2.478055830579251051e-04
1.246000000000000000e+03 -1.516179181635379791e-04
1.248000000000000000e+03 -2.149784704670310020e-04
1.250000000000000000e+03 -1.507149863755330443e-04
1.252000000000000000e+03 5.587687483057379723e-04
1.254000000000000000e+03 -1.533727772766724229e-04
1.256000000000000000e+03 1.556220464408397675e-03
1.258000000000000000e+03 7.859144243411719799e-04
1.260000000000000000e+03 4.736138798762112856e-04
1.262000000000000000e+03 -3.888797800755128264e-05
1.264000000000000000e+03 -1.542458543553948402e-03
1.266000000000000000e+03 -3.835236420854926109e-04
1.268000000000000000e+03 1.259964919881895185e-04
1.270000000000000000e+03 -1.059794565662741661e-03
1.272000000000000000e+03 -2.556372899562120438e-03
1.274000000000000000e+03 -1.849990803748369217e-03
1.276000000000000000e+03 -1.883952412754297256e-03
1.278000000000000000e+03 -3.219871781766414642e-03
1.280000000000000000e+03 -3.457403508946299553e-03
1.282000000000000000e+03 -1.707855262793600559e-03
1.284000000000000000e+03 -2.300565131008625031e-03
1.286000000000000000e+03 -3.042172407731413841e-03
1.288000000000000000e+03 -1.536028343252837658e-03
1.290000000000000000e+03 -2.786572789773344994e-03
1.292000000000000000e+03 -2.022347645834088326e-03
1.294000000000000000e+03 -2.273386809974908829e-03
1.296000000000000000e+03 -2.688119420781731606e-03
1.298000000000000000e+03 -3.351226449012756348e-03
1.300000000000000000e+03 -2.564693801105022430e-03
1.302000000000000000e+03 -1.576377195306122303e-03
1.304000000000000000e+03 -3.080471360590308905e-04
1.306000000000000000e+03 -6.999561446718871593e-04
1.308000000000000000e+03 -1.488505629822611809e-03
1.310000000000000000e+03 -1.066985074430704117e-03
1.312000000000000000e+03 -1.334817148745059967e-03
1.314000000000000000e+03 -2.731206186581403017e-04
1.316000000000000000e+03 9.946656064130365849e-05
1.318000000000000000e+03 -1.645404379814863205e-03
1.320000000000000000e+03 -4.124530823901295662e-04
1.322000000000000000e+03 -3.398184664547443390e-03
1.324000000000000000e+03 -3.948924597352743149e-03
1.326000000000000000e+03 -2.219874178990721703e-03
1.328000000000000000e+03 -1.917437301017343998e-03
1.330000000000000000e+03 -3.510837210342288017e-03
1.332000000000000000e+03 -2.782151335850358009e-03
1.334000000000000000e+03 -1.755135483108460903e-03
1.336000000000000000e+03 -6.411569775082170963e-04
1.338000000000000000e+03 -9.968344820663332939e-04
1.340000000000000000e+03 -1.961785368621349335e-03
1.342000000000000000e+03 -3.946481738239526749e-03
1.344000000000000000e+03 -4.657964687794446945e-03
1.346000000000000000e+03 -2.870936878025531769e-03
1.348000000000000000e+03 -3.950182348489761353e-03
1.350000000000000000e+03 -1.370165031403303146e-03
1.352000000000000000e+03 -1.944530289620161057e-03
1.354000000000000000e+03 -2.326603746041655540e-03
1.356000000000000000e+03 -1.609721453860402107e-03
1.358000000000000000e+03 -3.507700050249695778e-03
1.360000000000000000e+03 -4.328998737037181854e-03
1.362000000000000000e+03 -4.246673081070184708e-03
1.364000000000000000e+03 -5.011644214391708374e-03
1.366000000000000000e+03 -3.259756835177540779e-03
1.368000000000000000e+03 -2.489080885425209999e-03
1.370000000000000000e+03 -2.976319519802927971e-03
1.372000000000000000e+03 1.960766268894076347e-03
1.374000000000000000e+03 1.355620450340211391e-03
1.376000000000000000e+03 -2.642356092110276222e-03
1.378000000000000000e+03 -1.353539642877876759e-03
1.380000000000000000e+03 1.131209312006831169e-03
1.382000000000000000e+03 3.265213454142212868e-03
1.384000000000000000e+03 2.934326184913516045e-03
1.386000000000000000e+03 -1.035910448990762234e-03
1.388000000000000000e+03 1.258275471627712250e-03
1.390000000000000000e+03 7.988766301423311234e-04
1.392000000000000000e+03 2.033877186477184296e-03
1.394000000000000000e+03 -4.261117428541183472e-03
1.396000000000000000e+03 -3.668070072308182716e-03
1.398000000000000000e+03 -6.958961021155118942e-03
1.400000000000000000e+03 -8.754164911806583405e-03
1.402000000000000000e+03 -9.188237600028514862e-03
1.404000000000000000e+03 -1.374611724168062210e-02
1.406000000000000000e+03 9.111806052344406225e-17
