0.000000000000000000e+00 7.647778057918691121e-13 5.108520891389385099e-13
2.499375156210947466e+02 7.882105789065528587e-13 5.090176214594193170e-13
4.998750312421894932e+02 6.891551866427386823e-13 4.958920133058517028e-13
7.498125468632841830e+02 6.970313441187636984e-13 4.795987697358822532e-13
9.997500624843789865e+02 6.897453027844664219e-13 4.722712591631287590e-13
1.249687578105473676e+03 6.995535696858610815e-13 4.615874156392817677e-13
1.499625093726568366e+03 7.303131839725725583e-13 4.502970699467834632e-13
1.749562609347663056e+03 7.425359274700901066e-13 4.384622709057034883e-13
1.999500124968757973e+03 9.542215541599529285e-13 4.278354299122639250e-13
2.249437640589852890e+03 7.921732630063961050e-13 4.319129777624829236e-13
2.499375156210947353e+03 8.949882159781214911e-13 4.289904846517391199e-13
2.749312671832042270e+03 7.444726148985829034e-13 4.195902392558636353e-13
2.999250187453136732e+03 7.113461295868075530e-13 4.128509038500578545e-13
3.249187703074231649e+03 6.955466294813954327e-13 4.080606075996637400e-13
3.499125218695326112e+03 7.614271259112803787e-13 4.000214962640982912e-13
3.749062734316421029e+03 7.279218455881188593e-13 3.930415848647810069e-13
3.999000249937515946e+03 6.871995272386617063e-13 3.954683032668816800e-13
4.248937765558610408e+03 7.049781762886059777e-13 3.899658675592487610e-13
4.498875281179705780e+03 7.249583109371234239e-13 3.812690429414051557e-13
4.748812796800800243e+03 7.951745989257960776e-13 3.751798398996306914e-13
4.998750312421894705e+03 8.022266282806928982e-13 3.629311683861422293e-13
5.248687828042990077e+03 6.856447661781918972e-13 3.633737595908893889e-13
5.498625343664084539e+03 7.379435105479939995e-13 3.611747679750216746e-13
5.748562859285179002e+03 7.307676392923837365e-13 3.515638187727042010e-13
5.998500374906273464e+03 6.878867873747885373e-13 3.499548693269398694e-13
6.248437890527368836e+03 7.220854434877897044e-13 3.481586157463665015e-13
6.498375406148463298e+03 7.334856367933089103e-13 3.427021785703058358e-13
6.748312921769557761e+03 7.896669417942320719e-13 3.382617101898580668e-13
6.998250437390652223e+03 6.634528154857281849e-13 3.247972228261144232e-13
7.248187953011747595e+03 5.985843831849191035e-13 3.303606318670256226e-13
7.498125468632842058e+03 5.158938183045842621e-13 3.223947137714786830e-13
7.748062984253936520e+03 6.178777472684018290e-13 3.175452152164445294e-13
7.998000499875031892e+03 7.639025707568377828e-13 3.151782547932459619e-13
8.247938015496125445e+03 7.444295775835768145e-13 3.081908270637903788e-13
8.497875531117220817e+03 7.588464619711713986e-13 3.055380976525413350e-13
8.747813046738316189e+03 5.888319942940646850e-13 3.048306466459749681e-13
8.997750562359411560e+03 6.663889802368128709e-13 3.005785950520948841e-13
9.247688077980505113e+03 5.944851042725324821e-13 2.965839331998694612e-13
9.497625593601600485e+03 5.423564496688979314e-13 2.910044557646408902e-13
9.747563109222694038e+03 5.937050993345865119e-13 2.885030751286630274e-13
9.997500624843789410e+03 5.547899165495536178e-13 2.875684712785100152e-13
1.024743814046488296e+04 6.390565968100894043e-13 2.865688950526140063e-13
1.049737565608598015e+04 5.913734939336255443e-13 2.844842301450015441e-13
1.074731317170707371e+04 6.128379547403182110e-13 2.802849072526449854e-13
1.099725068732816908e+04 6.343164395127029251e-13 2.765016467954862283e-13
1.124718820294926263e+04 6.110621671271934769e-13 2.775140207437686103e-13
1.149712571857035800e+04 6.102576590142307381e-13 2.768520732231248272e-13
1.174706323419145156e+04 6.295674041575430707e-13 2.730721051728177503e-13
1.199700074981254693e+04 6.530497916398737798e-13 2.710905699357811131e-13
1.224693826543364230e+04 5.065932890012067401e-13 2.649435626390398184e-13
1.249687578105473767e+04 4.441272022693834866e-13 2.629943621714741098e-13
1.274681329667583123e+04 5.254066088363797502e-13 2.590720161844275172e-13
1.299675081229692660e+04 4.691634472188657689e-13 2.528045816989811180e-13
1.324668832791802015e+04 5.744095447896095323e-13 2.531037437905310849e-13
1.349662584353911552e+04 4.648852174135506969e-13 2.496201553941268022e-13
1.374656335916020907e+04 4.638178915705608724e-13 2.477793252670667461e-13
1.399650087478130445e+04 4.577385872039493313e-13 2.473797068047420682e-13
1.424643839040239982e+04 4.726917891637008335e-13 2.447713718770350444e-13
1.449637590602349519e+04 5.208937555894257628e-13 2.389359763411062395e-13
1.474631342164458874e+04 5.779878960422418168e-13 2.369457878206527040e-13
1.499625093726568412e+04 5.875962050513769944e-13 2.347078671041550376e-13
1.524618845288677767e+04 5.664688393221063689e-13 2.315983738258407622e-13
1.549612596850787304e+04 5.341340596850678122e-13 2.290940664590657507e-13
1.574606348412896659e+04 5.249517019649196547e-13 2.234497962462403526e-13
1.599600099975006378e+04 4.573171533177953703e-13 2.213136420118996638e-13
1.624593851537115916e+04 4.663136364079757228e-13 2.181999284597876236e-13
1.649587603099225089e+04 4.355584403260389557e-13 2.170584067986586665e-13
1.674581354661334626e+04 4.051160055027261365e-13 2.158047502691340366e-13
1.699575106223444163e+04 4.398724169208783474e-13 2.140995239270125710e-13
1.724568857785553701e+04 4.850014505776576047e-13 2.137527304199517298e-13
1.749562609347663238e+04 4.193265928764298164e-13 2.123341718890975629e-13
1.774556360909772411e+04 4.968516100472045770e-13 2.055523046595810995e-13
1.799550112471882312e+04 5.176241535496277391e-13 2.034805179298831422e-13
1.824543864033991485e+04 5.068727031919069011e-13 2.047670420391929926e-13
1.849537615596101023e+04 5.689053434281116153e-13 2.018630172864475530e-13
1.874531367158210196e+04 5.050155219727473057e-13 2.037548380543288279e-13
1.899525118720320097e+04 5.094186637925170637e-13 2.014204109404574322e-13
1.924518870282429634e+04 5.828345824359361452e-13 1.985437162941503711e-13
1.949512621844538808e+04 5.337994275446525061e-13 1.952365662176268661e-13
1.974506373406648345e+04 4.884024847079761830e-13 1.962435837975312033e-13
1.999500124968757882e+04 5.497864695662137083e-13 1.944169241690533636e-13
2.024493876530867419e+04 5.284324567014193853e-13 1.948474769580079282e-13
2.049487628092976593e+04 5.284255081675534272e-13 1.915827661173010133e-13
2.074481379655086130e+04 5.411147478006605613e-13 1.888144804995323539e-13
2.099475131217196031e+04 5.319644026489158596e-13 1.858727676524272804e-13
2.124468882779305204e+04 4.565653193671955493e-13 1.869042646233378248e-13
2.149462634341414741e+04 4.234476507227524273e-13 1.861127466078480484e-13
2.174456385903523915e+04 4.838679622620036914e-13 1.845707951555559536e-13
2.199450137465633816e+04 3.843659386027585644e-13 1.827561763218516169e-13
2.224443889027742989e+04 4.062733666320337991e-13 1.817623668297826576e-13
2.249437640589852526e+04 4.995514913404047820e-13 1.789714688412305479e-13
2.274431392151962064e+04 5.113450937786201587e-13 1.810346083824453865e-13
2.299425143714071601e+04 4.532517767184947100e-13 1.782571413218946982e-13
2.324418895276181138e+04 4.148887828942391329e-13 1.757987701568082308e-13
2.349412646838290311e+04 4.505949297962326187e-13 1.776521904041754999e-13
2.374406398400399848e+04 4.304811274384274136e-13 1.735886445559274579e-13
2.399400149962509386e+04 4.789102732684978045e-13 1.705493183505942719e-13
2.424393901524618923e+04 4.662126760349851229e-13 1.677491785419211645e-13
2.449387653086728460e+04 4.689275913384832891e-13 1.674562505862234216e-13
2.474381404648837997e+04 4.362537040847889144e-13 1.667865447642587245e-13
2.499375156210947534e+04 4.500358739998543872e-13 1.647467846928481554e-13
2.524368907773056708e+04 3.879725701781924361e-13 1.635398340375057240e-13
2.549362659335166245e+04 3.760274648238602441e-13 1.629254586352532694e-13
2.574356410897275782e+04 3.640393077989217839e-13 1.603956405507922569e-13
2.599350162459385319e+04 4.474562604129274971e-13 1.598049287692621743e-13
2.624343914021494857e+04 3.792742312842033201e-13 1.596507454399999226e-13
2.649337665583604030e+04 3.539507404303082650e-13 1.584472270963311974e-13
2.674331417145713931e+04 3.852848478941123349e-13 1.580504775518342311e-13
2.699325168707823104e+04 4.016130129649097491e-13 1.554707633146970756e-13
2.724318920269932642e+04 3.429853076504502017e-13 1.525972489091529963e-13
2.749312671832041815e+04 3.864552613767443576e-13 1.531107478537773056e-13
2.774306423394151716e+04 3.730971238639334172e-13 1.515826709764350222e-13
2.799300174956260889e+04 4.101465895549283070e-13 1.505632549440466564e-13
2.824293926518370426e+04 3.847996027616595622e-13 1.504542561905962125e-13
2.849287678080479964e+04 4.089650703703154566e-13 1.486868380964491351e-13
2.874281429642589501e+04 3.525878283311712068e-13 1.465909152185988372e-13
2.899275181204699038e+04 3.132722839017504462e-13 1.452308846052370536e-13
2.924268932766808211e+04 3.008562182673638725e-13 1.444165672481785417e-13
2.949262684328917749e+04 3.360037890293814213e-13 1.446547555405500630e-13
2.974256435891027286e+04 3.468819624893750954e-13 1.431668955973806293e-13
2.999250187453136823e+04 3.052237862763015976e-13 1.416551711669209142e-13
3.024243939015246360e+04 3.397802503341467726e-13 1.415704732028934405e-13
3.049237690577355534e+04 2.853084235690477907e-13 1.396186899590336438e-13
3.074231442139465435e+04 3.386939535623178324e-13 1.385131315343587065e-13
3.099225193701574608e+04 3.296448059561364080e-13 1.387286052153050545e-13
3.124218945263684145e+04 3.879040662151128072e-13 1.380552991746955460e-13
3.149212696825793319e+04 3.162560853965950357e-13 1.369039568771714949e-13
3.174206448387903220e+04 2.905836547162896104e-13 1.358806820668794645e-13
3.199200199950012757e+04 2.773421626936750649e-13 1.365168747845181593e-13
3.224193951512121930e+04 2.310570153488357972e-13 1.367786820545608224e-13
3.249187703074231831e+04 2.533631960753295754e-13 1.335825732750685601e-13
3.274181454636341005e+04 2.862862707145256333e-13 1.334004964103524461e-13
3.299175206198450178e+04 3.221072087004123317e-13 1.329929012131690718e-13
3.324168957760559715e+04 2.767324175644291053e-13 1.326097021848789998e-13
3.349162709322669252e+04 2.909206656356493111e-13 1.316390616750319558e-13
3.374156460884778789e+04 2.664439853918165658e-13 1.299818711871364770e-13
3.399150212446888327e+04 3.160541817844326814e-13 1.279855719818981362e-13
3.424143964008997864e+04 2.945515591107903976e-13 1.274449551208225501e-13
3.449137715571107401e+04 2.697716780712438927e-13 1.256310271348050337e-13
3.474131467133216938e+04 2.772283103732175764e-13 1.258583012806937521e-13
3.499125218695326475e+04 3.122296338015309026e-13 1.251050384478763280e-13
3.524118970257435285e+04 2.539140075453754576e-13 1.245734885980886620e-13
3.549112721819544822e+04 2.822338826695570608e-13 1.244676549196062871e-13
3.574106473381654359e+04 2.683356149919932095e-13 1.233939172750094956e-13
3.599100224943764624e+04 2.850515532302493626e-13 1.229865593242395114e-13
3.624093976505874161e+04 2.610137410684292960e-13 1.218115468389271425e-13
3.649087728067982971e+04 2.704948764044445656e-13 1.204831131117964550e-13
3.674081479630092508e+04 3.001617115257303615e-13 1.194572102937789833e-13
3.699075231192202045e+04 3.031961027544808758e-13 1.188094494247534253e-13
3.724068982754311583e+04 2.423075939036192929e-13 1.176815966115568562e-13
3.749062734316420392e+04 2.480956146064350842e-13 1.174446252537755904e-13
3.774056485878529929e+04 2.018478834904624432e-13 1.168882430145491086e-13
3.799050237440640194e+04 2.463134500233477180e-13 1.170869876235851321e-13
3.824043989002749731e+04 2.445730116927213602e-13 1.144783984833324574e-13
3.849037740564859268e+04 2.041406893217911281e-13 1.122013797052879605e-13
3.874031492126968078e+04 2.674958916766127991e-13 1.133552910857282581e-13
3.899025243689077615e+04 2.111767931632973178e-13 1.118321551573199667e-13
3.924018995251187152e+04 2.148127657833204221e-13 1.123109459573506675e-13
3.949012746813296690e+04 2.632049065820921993e-13 1.116828353881595996e-13
3.974006498375406227e+04 2.197455282725957907e-13 1.112963501170623677e-13
3.999000249937515764e+04 2.212931007905990563e-13 1.111758799491167767e-13
4.023994001499625301e+04 2.526618396504190820e-13 1.091200386686297935e-13
4.048987753061734838e+04 2.058548587936258751e-13 1.090668688649996314e-13
4.073981504623844376e+04 2.087678124713126780e-13 1.092000870280897666e-13
4.098975256185953185e+04 2.619311293311647098e-13 1.079026688218169001e-13
4.123969007748062722e+04 2.743619538790864734e-13 1.090351853264882460e-13
4.148962759310172260e+04 2.523010582024604765e-13 1.077760450913339573e-13
4.173956510872282524e+04 2.746281076247054444e-13 1.058524365177697528e-13
4.198950262434392062e+04 2.738389825904219387e-13 1.064818799721062509e-13
4.223944013996500871e+04 2.532540173327716795e-13 1.051683277645155720e-13
4.248937765558610408e+04 2.364261888992549717e-13 1.046580392290352360e-13
4.273931517120719946e+04 2.237364452284468646e-13 1.052604420327954283e-13
4.298925268682829483e+04 2.243978145156494298e-13 1.046791549463151085e-13
4.323919020244939020e+04 1.892326310635693194e-13 1.035498381161807097e-13
4.348912771807047829e+04 1.968023637417683471e-13 1.041627033013455037e-13
4.373906523369158094e+04 1.923742888703963594e-13 1.043246366154097309e-13
4.398900274931267631e+04 2.348056901967436184e-13 1.039071300616744661e-13
4.423894026493377169e+04 2.354889960953592665e-13 1.021796323793123718e-13
4.448887778055485978e+04 2.000371886700490878e-13 1.020974589951283974e-13
4.473881529617595515e+04 2.310347294027238689e-13 1.001988722660938080e-13
4.498875281179705053e+04 1.953031945765819484e-13 9.984953066434742300e-14
4.523869032741814590e+04 2.075663883197377064e-13 9.950372824649063682e-14
4.548862784303924127e+04 2.219876244006919078e-13 9.906571913544780416e-14
4.573856535866033664e+04 2.228333019067717562e-13 9.958929716271983014e-14
4.598850287428143201e+04 2.079120390176603993e-13 9.935089650191671771e-14
4.623844038990252739e+04 1.977403325284760598e-13 9.876395539308140080e-14
4.648837790552362276e+04 2.013627525094599502e-13 9.639627507011772474e-14
4.673831542114471085e+04 2.060449146419872072e-13 9.651517796070653435e-14
4.698825293676580623e+04 1.834825775403524040e-13 9.610597666757822263e-14
4.723819045238690160e+04 2.133611655237809952e-13 9.590095280187168841e-14
4.748812796800799697e+04 2.064304358534215478e-13 9.582106143414026586e-14
4.773806548362909962e+04 1.998050840784943463e-13 9.631080199117572879e-14
4.798800299925018771e+04 2.104440472293104244e-13 9.477743061789798209e-14
4.823794051487128309e+04 2.097836995418293399e-13 9.322595959572783781e-14
4.848787803049237846e+04 2.350213572285728578e-13 9.276658856802286767e-14
4.873781554611347383e+04 2.105275326548763036e-13 9.160717433579399673e-14
4.898775306173456920e+04 1.969700402730566022e-13 9.144243477423405143e-14
4.923769057735565730e+04 2.450630489694557025e-13 9.170992721868693645e-14
4.948762809297675994e+04 1.983850687907345119e-13 9.141218757693800732e-14
4.973756560859785532e+04 2.194745593596539714e-13 9.093638334012018427e-14
4.998750312421895069e+04 2.094109488924153142e-13 9.060387070330811725e-14
5.023744063984003878e+04 2.179063772720981869e-13 9.076542635060662068e-14
5.048737815546113416e+04 2.054165338344674498e-13 9.065945835418493872e-14
5.073731567108222953e+04 2.330921649631413662e-13 9.071394304799888161e-14
5.098725318670332490e+04 2.150417363193715628e-13 9.111956964728281685e-14
5.123719070232442027e+04 1.964884175321486079e-13 9.111044828143276461e-14
5.148712821794551564e+04 2.033970375602757667e-13 8.973251575510402759e-14
5.173706573356661102e+04 1.958085683248323786e-13 8.967642922155857318e-14
5.198700324918770639e+04 2.235278231332168239e-13 8.985461432407475621e-14
5.223694076480880176e+04 2.242805576623727000e-13 8.944342592929229902e-14
5.248687828042989713e+04 2.144110269048353195e-13 8.901785144247360672e-14
5.273681579605098523e+04 1.897055851530947406e-13 8.799341951584023116e-14
5.298675331167208060e+04 1.968203757371046402e-13 8.875078053824972786e-14
5.323669082729317597e+04 2.154164126874843976e-13 8.834320832839043380e-14
5.348662834291427862e+04 1.975267895641213084e-13 8.769448808479232643e-14
5.373656585853536671e+04 2.046119014024003240e-13 8.724220667393810517e-14
5.398650337415646209e+04 2.265164308715464802e-13 8.750244197190256214e-14
5.423644088977755746e+04 1.871719960576486102e-13 8.684444468128497266e-14
5.448637840539865283e+04 2.162896356654184125e-13 8.693995660900648944e-14
5.473631592101974820e+04 2.136168740222637978e-13 8.562347727513209478e-14
5.498625343664083630e+04 1.919821650736009381e-13 8.496041939297573506e-14
5.523619095226193167e+04 2.011210774974689720e-13 8.475590978863562675e-14
5.548612846788303432e+04 2.033975148935721333e-13 8.434494806151760981e-14
5.573606598350412969e+04 1.622966520412128170e-13 8.448627965346717697e-14
5.598600349912521779e+04 1.682785391839985953e-13 8.374242319782472305e-14
5.623594101474631316e+04 1.842219446898406358e-13 8.254563699741433694e-14
5.648587853036740853e+04 1.817261471739208250e-13 8.261930653640671421e-14
5.673581604598850390e+04 1.797860439193529343e-13 8.221612803828114017e-14
5.698575356160959927e+04 1.590574730367377195e-13 8.316795081904048037e-14
5.723569107723069465e+04 1.854584505053525387e-13 8.165567433871065601e-14
5.748562859285179002e+04 1.753084600402439088e-13 8.207839281666432811e-14
5.773556610847288539e+04 1.550775915626711509e-13 8.045520412438856962e-14
5.798550362409398076e+04 1.610097647466811610e-13 8.025685288540994695e-14
5.823544113971507613e+04 1.575979361414691630e-13 7.937286665856638584e-14
5.848537865533616423e+04 1.589241098822345002e-13 8.002574068728132902e-14
5.873531617095725960e+04 1.711119260670311232e-13 8.022183591860841970e-14
5.898525368657835497e+04 1.832680031937705148e-13 7.978923701327771406e-14
5.923519120219945762e+04 1.891106933171598070e-13 7.960186262424155247e-14
5.948512871782054572e+04 1.857333384634244794e-13 7.910522089170379818e-14
5.973506623344164109e+04 1.599207449478737123e-13 7.876233534522082926e-14
5.998500374906273646e+04 1.929481861051286395e-13 7.918951797674732115e-14
6.023494126468383183e+04 1.690750580655414581e-13 7.941729860253797811e-14
6.048487878030492720e+04 1.721253973335565018e-13 7.890118679045089346e-14
6.073481629592601530e+04 1.946237685106363392e-13 7.920518254519360508e-14
6.098475381154711067e+04 1.983400858691825909e-13 7.786799660916593400e-14
6.123469132716821332e+04 1.951542254913684543e-13 7.770508867470284171e-14
6.148462884278930869e+04 2.030449508756065405e-13 7.749956331206059544e-14
6.173456635841039679e+04 2.185663730941081647e-13 7.727152628543388044e-14
6.198450387403149216e+04 1.946195910347531340e-13 7.740336485855997573e-14
6.223444138965258753e+04 1.667835375483427287e-13 7.745962493583129307e-14
6.248437890527368290e+04 1.797985627842519584e-13 7.758872874123453488e-14
6.273431642089477828e+04 1.807726073827275055e-13 7.701313038407548211e-14
6.298425393651586637e+04 1.936262663135116578e-13 7.668983997018364818e-14
6.323419145213696902e+04 1.817670445029601629e-13 7.640925895231268976e-14
6.348412896775806439e+04 1.626960837743861362e-13 7.583792926013108249e-14
6.373406648337915976e+04 1.638089301872328810e-13 7.516693648770871648e-14
6.398400399900025513e+04 1.709896470490868187e-13 7.629970845549163406e-14
6.423394151462134323e+04 1.714034877860798398e-13 7.539407399028752530e-14
6.448387903024243860e+04 1.587480936329775615e-13 7.440587159023087944e-14
6.473381654586353397e+04 1.646522223495927110e-13 7.457006711127017982e-14
6.498375406148463662e+04 1.611731732208928037e-13 7.418086314361502610e-14
6.523369157710572472e+04 1.611070536136687077e-13 7.465866857036348088e-14
6.548362909272682009e+04 1.587015182597150094e-13 7.419795625045277686e-14
6.573356660834791546e+04 1.797069230185817547e-13 7.420576828444735002e-14
6.598350412396900356e+04 1.543711774129680139e-13 7.446030017598276548e-14
6.623344163959010621e+04 1.460503604055692489e-13 7.476802509329257319e-14
6.648337915521119430e+04 1.508140333743396323e-13 7.419118584762082395e-14
6.673331667083229695e+04 1.526143931300484316e-13 7.328382534413408585e-14
6.698325418645338505e+04 1.505971253395938820e-13 7.333682978969131970e-14
6.723319170207448769e+04 1.446790181558044041e-13 7.323256892504172256e-14
6.748312921769557579e+04 1.513241324791169994e-13 7.321401529808794403e-14
6.773306673331667844e+04 1.570263104095939332e-13 7.277636997167474747e-14
6.798300424893776653e+04 1.498795961735571596e-13 7.294946966914826704e-14
6.823294176455885463e+04 1.652512817854302746e-13 7.234835970950536146e-14
6.848287928017995728e+04 1.555174539866717032e-13 7.223341385953000234e-14
6.873281679580105992e+04 1.485172211607764880e-13 7.222145783739921703e-14
6.898275431142214802e+04 1.247202524734401131e-13 7.230046041574944799e-14
6.923269182704325067e+04 1.415018694371610797e-13 7.217716473480504556e-14
6.948262934266433876e+04 1.472938050780664444e-13 7.168087318663895336e-14
6.973256685828542686e+04 1.579367936550993753e-13 7.143039151149904279e-14
6.998250437390652951e+04 1.492843334371107985e-13 7.071472339593678337e-14
7.023244188952761760e+04 1.427092853114652833e-13 7.071014697484944943e-14
7.048237940514870570e+04 1.565800782045905823e-13 7.105302337679384761e-14
7.073231692076980835e+04 1.521075521058757172e-13 7.069304920612963201e-14
7.098225443639089644e+04 1.438115432877014357e-13 7.048495622987194470e-14
7.123219195201199909e+04 1.554876546820960741e-13 6.986083826196384926e-14
7.148212946763308719e+04 1.476745205083717395e-13 6.986247453154730274e-14
7.173206698325417528e+04 1.514999424855677257e-13 6.998119926474467395e-14
7.198200449887529248e+04 1.622272625480500265e-13 6.950523358284281658e-14
7.223194201449638058e+04 1.461155659613310133e-13 7.017657860397424453e-14
7.248187953011748323e+04 1.437586020422798871e-13 6.995528804009916493e-14
7.273181704573857132e+04 1.494275409978809127e-13 6.925527130782364705e-14
7.298175456135965942e+04 1.442607273640849904e-13 6.922051280995926463e-14
7.323169207698076207e+04 1.488317232931753031e-13 6.917957685932456355e-14
7.348162959260185016e+04 1.364313942880073046e-13 6.905698256800202690e-14
7.373156710822295281e+04 1.302682452071116729e-13 6.895613117935603348e-14
7.398150462384404091e+04 1.259186293902555188e-13 6.907052294633933663e-14
7.423144213946512900e+04 1.380284043081065050e-13 6.840324673307822829e-14
7.448137965508623165e+04 1.270987194333881334e-13 6.864853653564897582e-14
7.473131717070731975e+04 1.262564826212730216e-13 6.879329030538869664e-14
7.498125468632840784e+04 1.248156776540198195e-13 6.850552919946828256e-14
7.523119220194951049e+04 1.252960190343327133e-13 6.815583254249096331e-14
7.548112971757059859e+04 1.188004781188092791e-13 6.779146378741225602e-14
7.573106723319171579e+04 1.400364863987901812e-13 6.821674862623089698e-14
7.598100474881280388e+04 1.194908588682405710e-13 6.801225413640712981e-14
7.623094226443389198e+04 1.163785128545760430e-13 6.783379199279023909e-14
7.648087978005499463e+04 1.320397608824334942e-13 6.745967478858316858e-14
7.673081729567608272e+04 1.265616907539203540e-13 6.747628694736746499e-14
7.698075481129718537e+04 1.387840254986936471e-13 6.702356708703154907e-14
7.723069232691827347e+04 1.335303247555496743e-13 6.685754155487148218e-14
7.748062984253936156e+04 1.499019726344770101e-13 6.638345135206037423e-14
7.773056735816046421e+04 1.465838143683906210e-13 6.627224861707964353e-14
7.798050487378155231e+04 1.225315315310279835e-13 6.674142016083875290e-14
7.823044238940265495e+04 1.336335803778876419e-13 6.687323611312439038e-14
7.848037990502374305e+04 1.413865787863459046e-13 6.625789708249599993e-14
7.873031742064483115e+04 1.493474242839189148e-13 6.574520182849371580e-14
7.898025493626593379e+04 1.396125610064662966e-13 6.609562652682454512e-14
7.923019245188702189e+04 1.446874748160328849e-13 6.580081698428683024e-14
7.948012996750812454e+04 1.452511607741740370e-13 6.560000388067021494e-14
7.973006748312922718e+04 1.420813257403225779e-13 6.502510430407031035e-14
7.998000499875031528e+04 1.397341813913525315e-13 6.516849463251545929e-14
8.022994251437141793e+04 1.435611184942821783e-13 6.467585332358051083e-14
8.047988002999250602e+04 1.534357876712622753e-13 6.495662275051816081e-14
8.072981754561360867e+04 1.556143413614283747e-13 6.449688479562964320e-14
8.097975506123469677e+04 1.304609465062827251e-13 6.461279356677845835e-14
8.122969257685578486e+04 1.203541240658725380e-13 6.463976706223067512e-14
8.147963009247688751e+04 1.377141845119779520e-13 6.436171336595466028e-14
8.172956760809797561e+04 1.519546505973698628e-13 6.423675025203164731e-14
8.197950512371906370e+04 1.377447331201274878e-13 6.420004367532830139e-14
8.222944263934016635e+04 1.454241191947355244e-13 6.412860248699458308e-14
8.247938015496125445e+04 1.464249150637509431e-13 6.397588411457762120e-14
8.272931767058235710e+04 1.484632645276612325e-13 6.390767692633245560e-14
8.297925518620344519e+04 1.323516710425962874e-13 6.372253810231954078e-14
8.322919270182453329e+04 1.459897709672402742e-13 6.347640854007357648e-14
8.347913021744565049e+04 1.450526664600957999e-13 6.349434970405930038e-14
8.372906773306673858e+04 1.639386119460873309e-13 6.360277279290679721e-14
8.397900524868784123e+04 1.507409601890339190e-13 6.313933145414844451e-14
8.422894276430892933e+04 1.389243087071744818e-13 6.258155635807100225e-14
8.447888027993001742e+04 1.507488513666399053e-13 6.255683103969267548e-14
8.472881779555112007e+04 1.437256468670473438e-13 6.273504564516290694e-14
8.497875531117220817e+04 1.420215485167290190e-13 6.167604975492966917e-14
8.522869282679331081e+04 1.347620506960457730e-13 6.214297198902391140e-14
8.547863034241439891e+04 1.419631550986532551e-13 6.224098241603040604e-14
8.572856785803548701e+04 1.543503551782459732e-13 6.160537378139042605e-14
8.597850537365658965e+04 1.301232628918697673e-13 6.163969813764771506e-14
8.622844288927767775e+04 1.404441604336347581e-13 6.135364836722450615e-14
8.647838040489878040e+04 1.437121064233090601e-13 6.154725602092069423e-14
8.672831792051986849e+04 1.369325155439664320e-13 6.115305824516271133e-14
8.697825543614095659e+04 1.301658785865708291e-13 6.071837207925985463e-14
8.722819295176205924e+04 1.414779729450078617e-13 6.045774680098384573e-14
8.747813046738316189e+04 1.461927992406931381e-13 6.099641121956679985e-14
8.772806798300424998e+04 1.411410665500819128e-13 6.078104936102208091e-14
8.797800549862535263e+04 1.234530158167229551e-13 6.065327999630462385e-14
8.822794301424644073e+04 1.241624370444627576e-13 6.047963349108701202e-14
8.847788052986754337e+04 1.209833470800517517e-13 6.050159902229693597e-14
8.872781804548863147e+04 1.236127735703252700e-13 6.059617983292921420e-14
8.897775556110971957e+04 1.276990072790120590e-13 5.987859570804437748e-14
8.922769307673082221e+04 1.219767469818892809e-13 5.965028760760017828e-14
8.947763059235191031e+04 1.402459101193230247e-13 6.036232748900986291e-14
8.972756810797301296e+04 1.133064160659167380e-13 6.016223693656085413e-14
8.997750562359410105e+04 1.239403966357202887e-13 5.996424719277360162e-14
9.022744313921518915e+04 1.349545331218055320e-13 5.960866469627568206e-14
9.047738065483629180e+04 1.447592588023461362e-13 5.972329580280557114e-14
9.072731817045737989e+04 1.372875201299591476e-13 6.003804229593350844e-14
9.097725568607848254e+04 1.330596639659829803e-13 5.986084196137807363e-14
9.122719320169958519e+04 1.270440678788790353e-13 5.926087500662099633e-14
9.147713071732067328e+04 1.411511178774700827e-13 5.970406890866957826e-14
9.172706823294177593e+04 1.460510155584577013e-13 5.971220389244782706e-14
9.197700574856286403e+04 1.322958286374658713e-13 5.940012429254210678e-14
9.222694326418396668e+04 1.328303487598606753e-13 5.923147913549936470e-14
9.247688077980505477e+04 1.295530786673742326e-13 5.970005219725182067e-14
9.272681829542614287e+04 1.121258310264507055e-13 5.940415394010906278e-14
9.297675581104724552e+04 1.276044071146489818e-13 5.878141906406006821e-14
9.322669332666833361e+04 1.244757176100497388e-13 5.880401096395104122e-14
9.347663084228942171e+04 1.240426781796720246e-13 5.917623259941021907e-14
9.372656835791052436e+04 1.323552231930767600e-13 5.957729287239190208e-14
9.397650587353161245e+04 1.305448258025110772e-13 5.910376567183020221e-14
9.422644338915271510e+04 1.272914238403324090e-13 5.867235600350488637e-14
9.447638090477380319e+04 1.281582308415010096e-13 5.877138912881437916e-14
9.472631842039489129e+04 1.259095940518969507e-13 5.888048959889959355e-14
9.497625593601599394e+04 1.221431061217948037e-13 5.853251847892431427e-14
9.522619345163709659e+04 1.285869030362219874e-13 5.834154538479343757e-14
9.547613096725819923e+04 1.376304133032971618e-13 5.821341628313202616e-14
9.572606848287928733e+04 1.303180900132103249e-13 5.804274668436056013e-14
9.597600599850037543e+04 1.379088355705085526e-13 5.830412052564395068e-14
9.622594351412147807e+04 1.214573139885790721e-13 5.797338477683717666e-14
9.647588102974256617e+04 1.234117337707953957e-13 5.767719737830628074e-14
9.672581854536366882e+04 1.205334604767460059e-13 5.793798524454297446e-14
9.697575606098475691e+04 1.222534166943763714e-13 5.724914596204869519e-14
9.722569357660584501e+04 1.219960244738640698e-13 5.726710887794198971e-14
9.747563109222694766e+04 1.207491240342346414e-13 5.755499287971877615e-14
9.772556860784803575e+04 1.225242275978991821e-13 5.724228804952512534e-14
9.797550612346913840e+04 1.262226052093151365e-13 5.684937961892675798e-14
9.822544363909022650e+04 1.243852532417138004e-13 5.688918521800263204e-14
9.847538115471131459e+04 1.243120684394478124e-13 5.691869635936518785e-14
9.872531867033241724e+04 1.320572079703762081e-13 5.730369157102485872e-14
9.897525618595351989e+04 1.203812597676834304e-13 5.682445715983260068e-14
9.922519370157462254e+04 1.308171417397698215e-13 5.682214998170419098e-14
9.947513121719571063e+04 1.355557958045338533e-13 5.715370139652591727e-14
9.972506873281679873e+04 1.383237779585256812e-13 5.687543817774420237e-14
9.997500624843790138e+04 1.305764531952290499e-13 5.683796468149146566e-14
1.002249437640589895e+05 1.293193608039907650e-13 5.673720448253816137e-14
1.004748812796800776e+05 1.259794286958294520e-13 5.667346287649511741e-14
1.007248187953011802e+05 1.335794781169948657e-13 5.713578737592399471e-14
1.009747563109222683e+05 1.368375611521342406e-13 5.622989549687303158e-14
1.012246938265433710e+05 1.284902805926783580e-13 5.600643629135624325e-14
1.014746313421644591e+05 1.313447908613039910e-13 5.662508476832641013e-14
1.017245688577855472e+05 1.336584425444226711e-13 5.631689021901442389e-14
1.019745063734066498e+05 1.218945901566769318e-13 5.613589079707000276e-14
1.022244438890277379e+05 1.368483077144986865e-13 5.583623812130511104e-14
1.024743814046488405e+05 1.252902678226722388e-13 5.564117171913572453e-14
1.027243189202699286e+05 1.335493192361834395e-13 5.551235987101182560e-14
1.029742564358910313e+05 1.319063527727452123e-13 5.561880619633781197e-14
1.032241939515121339e+05 1.314076731691483895e-13 5.580078668281231741e-14
1.034741314671332220e+05 1.308613524377629166e-13 5.560785365748432955e-14
1.037240689827543247e+05 1.378541093517685261e-13 5.535797969751422784e-14
1.039740064983754128e+05 1.421658322870516980e-13 5.518496027774611202e-14
1.042239440139965009e+05 1.254912062061370042e-13 5.499757968904820879e-14
1.044738815296176035e+05 1.230304718126386664e-13 5.488905995667144771e-14
1.047238190452386916e+05 1.222613950493587200e-13 5.462700217030061753e-14
1.049737565608597943e+05 1.213804707644924617e-13 5.445339405692772951e-14
1.052236940764808824e+05 1.234622675490599260e-13 5.470809637114310513e-14
1.054736315921019705e+05 1.307782665482891220e-13 5.464559848371289357e-14
1.057235691077230731e+05 1.246365624201789609e-13 5.453547077048788219e-14
1.059735066233441612e+05 1.154567805192328612e-13 5.454711980977640960e-14
1.062234441389652493e+05 1.216458524347309013e-13 5.429450578046239353e-14
1.064733816545863519e+05 1.369792955164704354e-13 5.446621197353313053e-14
1.067233191702074546e+05 1.361477279112625242e-13 5.442021168460663503e-14
1.069732566858285572e+05 1.343892393761126357e-13 5.424187681367915806e-14
1.072231942014496453e+05 1.154984263722629874e-13 5.471028967371886175e-14
1.074731317170707334e+05 1.110502631387511550e-13 5.434137960252195318e-14
1.077230692326918361e+05 1.278601847527829155e-13 5.440975001382828937e-14
1.079730067483129242e+05 1.191820149618057027e-13 5.448303114688693115e-14
1.082229442639340268e+05 1.190832732115900326e-13 5.430323196868669479e-14
1.084728817795551149e+05 1.366617164194197125e-13 5.452932594886644362e-14
1.087228192951762030e+05 1.218548291688882672e-13 5.430885733024650325e-14
1.089727568107973057e+05 1.353957966107450826e-13 5.421381898744680320e-14
1.092226943264183938e+05 1.396888423036248152e-13 5.383562041074010818e-14
1.094726318420394964e+05 1.236710341409430595e-13 5.402462359898785398e-14
1.097225693576605845e+05 1.390529655456572220e-13 5.410919101553517958e-14
1.099725068732816726e+05 1.293664427935490664e-13 5.350627221193446169e-14
1.102224443889027752e+05 1.326881085705296021e-13 5.349560568293765012e-14
1.104723819045238633e+05 1.262412470968155072e-13 5.346692194087518785e-14
1.107223194201449805e+05 1.214268252539674989e-13 5.319629997863663086e-14
1.109722569357660686e+05 1.316679762588010486e-13 5.351775880669827627e-14
1.112221944513871567e+05 1.370017417885910317e-13 5.346220964135027104e-14
1.114721319670082594e+05 1.214859111074082269e-13 5.333007682511518275e-14
1.117220694826293475e+05 1.261402208781311229e-13 5.331568193407671942e-14
1.119720069982504356e+05 1.227633566154889183e-13 5.329608358417726994e-14
1.122219445138715382e+05 1.255472290342554132e-13 5.324847424397342658e-14
1.124718820294926263e+05 1.299462811076399554e-13 5.359492937005126598e-14
1.127218195451137290e+05 1.186590732958947889e-13 5.319721517650498917e-14
1.129717570607348171e+05 1.147027227294698857e-13 5.308091842847846383e-14
1.132216945763559052e+05 1.240329408489100862e-13 5.319508354035917935e-14
1.134716320919770078e+05 1.370036488984501149e-13 5.318135569806431127e-14
1.137215696075980959e+05 1.225223103709523290e-13 5.312785933168119075e-14
1.139715071232191985e+05 1.351742511947947404e-13 5.333257490292134627e-14
1.142214446388402866e+05 1.312466857428371000e-13 5.303734168751903028e-14
1.144713821544613893e+05 1.411531467974412743e-13 5.279328002681965937e-14
1.147213196700824919e+05 1.388916807817642139e-13 5.267730457330826831e-14
1.149712571857035800e+05 1.321154133887797176e-13 5.270586744456690149e-14
1.152211947013246827e+05 1.394981608330788580e-13 5.253249698328938562e-14
1.154711322169457708e+05 1.350752635889268900e-13 5.233082570998140258e-14
1.157210697325668589e+05 1.261630664277274817e-13 5.261357152544258809e-14
1.159710072481879615e+05 1.200104530422419475e-13 5.247798154481355484e-14
1.162209447638090496e+05 1.191919537056628031e-13 5.227643612359748678e-14
1.164708822794301523e+05 1.323231620080180674e-13 5.253427900311406703e-14
1.167208197950512404e+05 1.238466829549497769e-13 5.225991977362831508e-14
1.169707573106723285e+05 1.186180762153441551e-13 5.223226636605299687e-14
1.172206948262934311e+05 1.214316652134921308e-13 5.245887179572718783e-14
1.174706323419145192e+05 1.259345566461082190e-13 5.227328795781268654e-14
1.177205698575356073e+05 1.197057384751720947e-13 5.228390403013963302e-14
1.179705073731567099e+05 1.353771541342107306e-13 5.167355116150585370e-14
1.182204448887777980e+05 1.261538412367745752e-13 5.181243980804381734e-14
1.184703824043989152e+05 1.196836517539164181e-13 5.164051354256193663e-14
1.187203199200200033e+05 1.195701022635971356e-13 5.161036620998770877e-14
1.189702574356410914e+05 1.281517483169052949e-13 5.190960554942847958e-14
1.192201949512621941e+05 1.197658252853185360e-13 5.150506976192919149e-14
1.194701324668832822e+05 1.285122060401123213e-13 5.160422421860090374e-14
1.197200699825043848e+05 1.226705853713313035e-13 5.146837783298641671e-14
1.199700074981254729e+05 1.262140414747019067e-13 5.162475570726406859e-14
1.202199450137465610e+05 1.196128136891200833e-13 5.158272277237214265e-14
1.204698825293676637e+05 1.097215011587726582e-13 5.160820230214482356e-14
1.207198200449887518e+05 1.132994752283496798e-13 5.159055120218463303e-14
1.209697575606098544e+05 1.204217029828995741e-13 5.135560811210714080e-14
1.212196950762309425e+05 1.171561554975477949e-13 5.127016964739781756e-14
1.214696325918520306e+05 1.137111735891175494e-13 5.101323976142805819e-14
1.217195701074731332e+05 1.160181208321556663e-13 5.103838347534193120e-14
1.219695076230942213e+05 1.189492092983507515e-13 5.111383147626760310e-14
1.222194451387153385e+05 1.129940695481569126e-13 5.099780127175561021e-14
1.224693826543364266e+05 1.259464837958487405e-13 5.109987181927586264e-14
1.227193201699575147e+05 1.193808212612120300e-13 5.076841476389137124e-14
1.229692576855786174e+05 1.210457389539049415e-13 5.104256605922894660e-14
1.232191952011997055e+05 1.250359752358306257e-13 5.078742791873131581e-14
1.234691327168207936e+05 1.272628193422317497e-13 5.076918175389298915e-14
1.237190702324418962e+05 1.211181693209609341e-13 5.055044424084850381e-14
1.239690077480629843e+05 1.195752748418470757e-13 5.055682471648227844e-14
1.242189452636840870e+05 1.241090012328329501e-13 5.043918835413314539e-14
1.244688827793051751e+05 1.213255880210391204e-13 5.040463329231936680e-14
1.247188202949262632e+05 1.249830628791860899e-13 5.029234932605981428e-14
1.249687578105473658e+05 1.347962584937298358e-13 5.021525778422007592e-14
1.252186953261684539e+05 1.208517293825875128e-13 5.040908977979494634e-14
1.254686328417895566e+05 1.278800015998784332e-13 5.038876984868289828e-14
1.257185703574106446e+05 1.287853537719601693e-13 5.052253107072244116e-14
1.259685078730317327e+05 1.337013818278202571e-13 5.011096590355248697e-14
1.262184453886528499e+05 1.352257210125313289e-13 5.018229462348356001e-14
1.264683829042739380e+05 1.318892639448954911e-13 4.996077664649184077e-14
1.267183204198950407e+05 1.269248435673277565e-13 4.978276419276474253e-14
1.269682579355161288e+05 1.352374223350718976e-13 4.983482096042527542e-14
1.272181954511372169e+05 1.321150501306581776e-13 4.983734535465324948e-14
1.274681329667583195e+05 1.338112301489702155e-13 4.963923665419552259e-14
1.277180704823794076e+05 1.227293026715545472e-13 4.952781459172287420e-14
1.279680079980005103e+05 1.176841675997194975e-13 4.938022349347384930e-14
1.282179455136215984e+05 1.245070680365237695e-13 4.958923862359573036e-14
1.284678830292426865e+05 1.306489874531031404e-13 4.946668335834024964e-14
1.287178205448637891e+05 1.182695190009737971e-13 4.960089949673495236e-14
1.289677580604848772e+05 1.229944158656188717e-13 4.944953306109555635e-14
1.292176955761059653e+05 1.197306609605480555e-13 4.916453110348574007e-14
1.294676330917270679e+05 1.241198062699872306e-13 4.928131015253839511e-14
1.297175706073481560e+05 1.168658897287780654e-13 4.946879393816882252e-14
1.299675081229692732e+05 1.177591008348448373e-13 4.989606663772312858e-14
1.302174456385903613e+05 1.196243118039417919e-13 4.993154257294951300e-14
1.304673831542114494e+05 1.221122948573903251e-13 4.984233573043640381e-14
1.307173206698325521e+05 1.198787435631990724e-13 4.970696945793244299e-14
1.309672581854536402e+05 1.119440583522850875e-13 4.978952404265663009e-14
1.312171957010747283e+05 1.174567676366543906e-13 4.974133559922691375e-14
1.314671332166958309e+05 1.174219455178709430e-13 4.999578394063377728e-14
1.317170707323169336e+05 1.285995883531473049e-13 4.989739779509843072e-14
1.319670082479380071e+05 1.238451905491696642e-13 4.957452964407698049e-14
1.322169457635591098e+05 1.119778928679300184e-13 4.973018569910663197e-14
1.324668832791802124e+05 1.129352814340766267e-13 4.941624472601194055e-14
1.327168207948012860e+05 1.091938796555286592e-13 4.957790382411728964e-14
1.329667583104223886e+05 1.076048540105747251e-13 4.964653874828274619e-14
1.332166958260434913e+05 1.190703703950530222e-13 4.929346385947547238e-14
1.334666333416645939e+05 1.094705472856307775e-13 4.946552548169318006e-14
1.337165708572856674e+05 1.210723721181859646e-13 4.945310699850334389e-14
1.339665083729067701e+05 1.144454468439804787e-13 4.904821596850960906e-14
1.342164458885278727e+05 1.152526647421667148e-13 4.921838054054514270e-14
1.344663834041489754e+05 1.210761366535690779e-13 4.900772961994395869e-14
1.347163209197700780e+05 1.148412187071602738e-13 4.936852984452713546e-14
1.349662584353911516e+05 1.231991206804096227e-13 4.912499939817418363e-14
1.352161959510122542e+05 1.130407864369060567e-13 4.907311007585786293e-14
1.354661334666333569e+05 1.216594672176148006e-13 4.878013672507365877e-14
1.357160709822544304e+05 1.125768216351752095e-13 4.894078372210585016e-14
1.359660084978755331e+05 1.080922244973139068e-13 4.889384439474837874e-14
1.362159460134966357e+05 1.163204095959489457e-13 4.893274576763311651e-14
1.364658835291177093e+05 1.142958534905562067e-13 4.893426596453946676e-14
1.367158210447388119e+05 1.140099918172289429e-13 4.886993230791371423e-14
1.369657585603599146e+05 1.036249307599427540e-13 4.871318176176926014e-14
1.372156960759810172e+05 1.094075413728865654e-13 4.865998314813333041e-14
1.374656335916021198e+05 1.078685904351221450e-13 4.862753300992344045e-14
1.377155711072231934e+05 1.069913834584793606e-13 4.858284564825320022e-14
1.379655086228442960e+05 1.035416012216954248e-13 4.841620383011108485e-14
1.382154461384653987e+05 9.824359968554402770e-14 4.849535587906558949e-14
1.384653836540865013e+05 1.012325447102765612e-13 4.855666143879817216e-14
1.387153211697075749e+05 1.080139140446353286e-13 4.841248445800555425e-14
1.389652586853286775e+05 1.071292094766997252e-13 4.852087984665136957e-14
1.392151962009497802e+05 1.101778302435617541e-13 4.812181950539211509e-14
1.394651337165708537e+05 1.059508609808789413e-13 4.820823985853903770e-14
1.397150712321919564e+05 1.090908933599165280e-13 4.809958419842248383e-14
1.399650087478130590e+05 1.073812987063687474e-13 4.798519354755817415e-14
1.402149462634341326e+05 1.021194795922976791e-13 4.805435535959973137e-14
1.404648837790552352e+05 1.088311139132563658e-13 4.802369292554416912e-14
1.407148212946763379e+05 1.080459940807735818e-13 4.787532384430406572e-14
1.409647588102974114e+05 1.027091893473138728e-13 4.773802603765557709e-14
1.412146963259185140e+05 9.869139460865534563e-14 4.805803958936687316e-14
1.414646338415396167e+05 1.028444789368816755e-13 4.791895030245374447e-14
1.417145713571607193e+05 1.105454822215051235e-13 4.811023573819214040e-14
1.419645088727817929e+05 1.093781130507955763e-13 4.802853123924724136e-14
1.422144463884028955e+05 1.085360051446863075e-13 4.771830225628335161e-14
1.424643839040239982e+05 1.089388072468560037e-13 4.779178588956087845e-14
1.427143214196450717e+05 1.009188236499311445e-13 4.765991073804743286e-14
1.429642589352661744e+05 9.953725105656329020e-14 4.789159196382188801e-14
1.432141964508872770e+05 9.793721500582790245e-14 4.804205364777025377e-14
1.434641339665083506e+05 9.978280742543741752e-14 4.764974261552956608e-14
1.437140714821294823e+05 9.134857256689029134e-14 4.767659291479768931e-14
1.439640089977505850e+05 1.014304250296994478e-13 4.763522215340008182e-14
1.442139465133716876e+05 1.010471874917900917e-13 4.756837454010572499e-14
1.444638840289927612e+05 1.018785015774361126e-13 4.757458499050096055e-14
1.447138215446138638e+05 9.873781136805571536e-14 4.738893392041711492e-14
1.449637590602349665e+05 9.680540324055679125e-14 4.756144684785993826e-14
1.452136965758560400e+05 9.773709675226621666e-14 4.745206718939540841e-14
1.454636340914771426e+05 1.019228181194433294e-13 4.737025049890534512e-14
1.457135716070982453e+05 9.585644505405851495e-14 4.747466315186291084e-14
1.459635091227193188e+05 9.362610504512369109e-14 4.747715374427055974e-14
1.462134466383404215e+05 9.099327812395211314e-14 4.746862369014209469e-14
1.464633841539615241e+05 8.980244028227164394e-14 4.757947158927657643e-14
1.467133216695825977e+05 9.481328491841761817e-14 4.760426693302549665e-14
1.469632591852037003e+05 8.327881452959781662e-14 4.773564692574544584e-14
1.472131967008248030e+05 9.044474431882951512e-14 4.754763055447242697e-14
1.474631342164459056e+05 9.769316520324682162e-14 4.742646895852896167e-14
1.477130717320669792e+05 9.044892904281586666e-14 4.733221273358304048e-14
1.479630092476880818e+05 9.293668850137991905e-14 4.753099045785695719e-14
1.482129467633091845e+05 9.288449992723607765e-14 4.730824382391597482e-14
1.484628842789302580e+05 9.634058717256686776e-14 4.735922560588143159e-14
1.487128217945513607e+05 9.911746541436212170e-14 4.728038722264687251e-14
1.489627593101724633e+05 9.094526796863226501e-14 4.724476883901138270e-14
1.492126968257935368e+05 1.006456062957404836e-13 4.719133659041778665e-14
1.494626343414146395e+05 1.046457001819978774e-13 4.714173055423773006e-14
1.497125718570357421e+05 9.831691330990474956e-14 4.726794479969143015e-14
1.499625093726568157e+05 1.059841709738696642e-13 4.687353329965909025e-14
1.502124468882779183e+05 1.026838411183824947e-13 4.672479154554617242e-14
1.504623844038990210e+05 8.682578702358007687e-14 4.668811606583400127e-14
1.507123219195201236e+05 9.771361001289527672e-14 4.650719281389293487e-14
1.509622594351411972e+05 9.158516192038204006e-14 4.689851045733782245e-14
1.512121969507622998e+05 9.316510608106265843e-14 4.652568863812190357e-14
1.514621344663834316e+05 9.241882425985047540e-14 4.666282067070437577e-14
1.517120719820045051e+05 9.051600829125022431e-14 4.652287878701342406e-14
1.519620094976256078e+05 9.356970162599144196e-14 4.669527575126627886e-14
1.522119470132467104e+05 9.212626760170720629e-14 4.671468442164400154e-14
1.524618845288677840e+05 9.584090115082186881e-14 4.665965372159859756e-14
1.527118220444888866e+05 1.034116078192146500e-13 4.678032167746185201e-14
1.529617595601099893e+05 9.548708040647741956e-14 4.663392029808932547e-14
1.532116970757310919e+05 1.020104553648476756e-13 4.668074966281640102e-14
1.534616345913521654e+05 9.514104178166988362e-14 4.658070503809755903e-14
1.537115721069732681e+05 9.248098302922547317e-14 4.664919424899522496e-14
1.539615096225943707e+05 1.012866050037288025e-13 4.683076622795347728e-14
1.542114471382154443e+05 9.156174649838514603e-14 4.674968747600760242e-14
1.544613846538365469e+05 9.813441167640165354e-14 4.674983100010545023e-14
1.547113221694576496e+05 9.145571169301934591e-14 4.663792783085897458e-14
1.549612596850787231e+05 8.559170282102285353e-14 4.660558257067387795e-14
1.552111972006998258e+05 8.913213502743044351e-14 4.664542015452851099e-14
1.554611347163209284e+05 9.882837009779114548e-14 4.658701065931139893e-14
1.557110722319420311e+05 8.999483682183342654e-14 4.678061868845456894e-14
1.559610097475631046e+05 8.979844736841558873e-14 4.660103358110786836e-14
1.562109472631842073e+05 9.051484451588604873e-14 4.631078499670416853e-14
1.564608847788053099e+05 8.545358180935090171e-14 4.641375781954039373e-14
1.567108222944263835e+05 9.523631449323408275e-14 4.639287109892688001e-14
1.569607598100474861e+05 9.160152991165275167e-14 4.648908494119896442e-14
1.572106973256685887e+05 1.023945920805923648e-13 4.657644680316201122e-14
1.574606348412896623e+05 1.000826929886121451e-13 4.666978999237754454e-14
1.577105723569107649e+05 9.851196296602263246e-14 4.652498219702949627e-14
1.579605098725318676e+05 9.789680258756314030e-14 4.642419755268142908e-14
1.582104473881529411e+05 9.841363503709884331e-14 4.634068591998573502e-14
1.584603849037740438e+05 1.016055435789734140e-13 4.630733600578570185e-14
1.587103224193951464e+05 1.003543341165554092e-13 4.614600190110166130e-14
1.589602599350162491e+05 9.556543337965687890e-14 4.619739632293518410e-14
1.592101974506373517e+05 9.435684028359211506e-14 4.615379658825070775e-14
1.594601349662584544e+05 9.452884128174783425e-14 4.619530064098553512e-14
1.597100724818795570e+05 9.732847455947697615e-14 4.633658140281414276e-14
1.599600099975006306e+05 9.874356138257877059e-14 4.612248698132890909e-14
1.602099475131217332e+05 9.938736502039150628e-14 4.588257414144055118e-14
1.604598850287428359e+05 1.005976117894472020e-13 4.611209803711346286e-14
1.607098225443639094e+05 9.120859257639240143e-14 4.600639007100747566e-14
1.609597600599850120e+05 9.553208885919611014e-14 4.622883523171503930e-14
1.612096975756061147e+05 1.075679854797198653e-13 4.620854832198531257e-14
1.614596350912272173e+05 1.063288330019431869e-13 4.599083082195140223e-14
1.617095726068482909e+05 9.669615056212580299e-14 4.612252583465350116e-14
1.619595101224693935e+05 9.630551842883541030e-14 4.591497049783986673e-14
1.622094476380904962e+05 9.672582814329505791e-14 4.591430036818709407e-14
1.624593851537115697e+05 9.792697848602407659e-14 4.582293763554028087e-14
1.627093226693326724e+05 9.708907184996640181e-14 4.590426116644868069e-14
1.629592601849537750e+05 1.005262648405809793e-13 4.581665871517913485e-14
1.632091977005748486e+05 9.575111235288518535e-14 4.604813485331917623e-14
1.634591352161959512e+05 9.666287905972912170e-14 4.578203328835673958e-14
1.637090727318170539e+05 1.021795783922390223e-13 4.591505915893234423e-14
1.639590102474381274e+05 9.357889040637894531e-14 4.589004195140212231e-14
1.642089477630592301e+05 9.833388558321872300e-14 4.583730894868384901e-14
1.644588852786803327e+05 8.971459639774578528e-14 4.583909577938186012e-14
1.647088227943014354e+05 8.927332862937292156e-14 4.557232850032989748e-14
1.649587603099225089e+05 9.618093562147345856e-14 4.588566139932060061e-14
1.652086978255436115e+05 9.747327865769469596e-14 4.580422024513691882e-14
1.654586353411647142e+05 9.565550576946087287e-14 4.578168960189950794e-14
1.657085728567857877e+05 9.844883315774449026e-14 4.560205775412958559e-14
1.659585103724068904e+05 9.076423159979641531e-14 4.553587863638110823e-14
1.662084478880279930e+05 9.317718269466873235e-14 4.532248339543210151e-14
1.664583854036490666e+05 9.087783510530288873e-14 4.556254506081800112e-14
1.667083229192701692e+05 9.641712046665893133e-14 4.580708004383723207e-14
1.669582604348913010e+05 9.864755265382138588e-14 4.562208818810748807e-14
1.672081979505124036e+05 9.735512808807266717e-14 4.540213392309237431e-14
1.674581354661334772e+05 9.206172354928750867e-14 4.507675834283270676e-14
1.677080729817545798e+05 9.687002994507956928e-14 4.501086253892536459e-14
1.679580104973756825e+05 1.014421399218040311e-13 4.526788616119233599e-14
1.682079480129967560e+05 1.077518675518224720e-13 4.521265018840761950e-14
1.684578855286178587e+05 1.002565814703131008e-13 4.537624142470242161e-14
1.687078230442389613e+05 9.819234501447094954e-14 4.535436151783624385e-14
1.689577605598600348e+05 1.000018580402555813e-13 4.520778924046553941e-14
1.692076980754811375e+05 1.031654033597058478e-13 4.520653613533018902e-14
1.694576355911022401e+05 9.701219332427293544e-14 4.519939886739032999e-14
1.697075731067233137e+05 1.015886856621455621e-13 4.541900742777110910e-14
1.699575106223444163e+05 1.014918209366725929e-13 4.543218828450574540e-14
1.702074481379655190e+05 1.028963483007275822e-13 4.541109848706933927e-14
1.704573856535866216e+05 1.045426247919273365e-13 4.517087299301290647e-14
1.707073231692076952e+05 1.016614637043587444e-13 4.526842344684935645e-14
1.709572606848287978e+05 9.931856316939624197e-14 4.520106132325515314e-14
1.712071982004499005e+05 9.170713673835363078e-14 4.538074271548634320e-14
1.714571357160709740e+05 9.857362981221845788e-14 4.537736612506814014e-14
1.717070732316920767e+05 9.523832344809855211e-14 4.520747613569516141e-14
1.719570107473131793e+05 9.327860411478892371e-14 4.528696375628879390e-14
1.722069482629342529e+05 9.443124304816540292e-14 4.492845863559601421e-14
1.724568857785553555e+05 1.010193393525823730e-13 4.494424341823161857e-14
1.727068232941764581e+05 1.040956113441040243e-13 4.527771975727770816e-14
1.729567608097975608e+05 1.027275149446485528e-13 4.523011160800624928e-14
1.732066983254186343e+05 1.030363932047098922e-13 4.531507316201998246e-14
1.734566358410397370e+05 1.011467614644900094e-13 4.523467959841834347e-14
1.737065733566608396e+05 1.009637674330537419e-13 4.496509341332015276e-14
1.739565108722819132e+05 9.956307930371095789e-14 4.485616010600343772e-14
1.742064483879030158e+05 9.929500567009836329e-14 4.501096321574943033e-14
1.744563859035241185e+05 1.014764383665725660e-13 4.478391431667315429e-14
1.747063234191452211e+05 1.014121576295362239e-13 4.487047901107874791e-14
1.749562609347663238e+05 9.909294966286741426e-14 4.457386865017690256e-14
1.752061984503874264e+05 1.050573492386215761e-13 4.459559633179488870e-14
1.754561359660085000e+05 1.081499263765805491e-13 4.441868266259245776e-14
1.757060734816296026e+05 1.028826089113587827e-13 4.451324757093132772e-14
1.759560109972507053e+05 9.919741033236145860e-14 4.456470008942638387e-14
1.762059485128718079e+05 9.475196539985120793e-14 4.461073193672393272e-14
1.764558860284928815e+05 9.630569571451766339e-14 4.455118625541649838e-14
1.767058235441139841e+05 9.724316165458591462e-14 4.450085732986816712e-14
1.769557610597350867e+05 9.541753231966192712e-14 4.441158421314262046e-14
1.772056985753561603e+05 9.221488016148366205e-14 4.443277884839431108e-14
1.774556360909772629e+05 9.348914280982229401e-14 4.445967922987786857e-14
1.777055736065983656e+05 9.497534880233917531e-14 4.454548751509827869e-14
1.779555111222194391e+05 9.505850058812275820e-14 4.462148752793170658e-14
1.782054486378405418e+05 1.022114332866075697e-13 4.471018655484702558e-14
1.784553861534616444e+05 9.115193006060451165e-14 4.452830162644214137e-14
1.787053236690827471e+05 9.509356124025519763e-14 4.449143242487608731e-14
1.789552611847038206e+05 9.630284249158494296e-14 4.441241463198049462e-14
1.792051987003249233e+05 9.809809867976085654e-14 4.446247770481677153e-14
1.794551362159460259e+05 1.014527680023013719e-13 4.449874118132761104e-14
1.797050737315670995e+05 9.582290707111051205e-14 4.469496564350625223e-14
1.799550112471882021e+05 1.028835815566178865e-13 4.459457606796944725e-14
1.802049487628093048e+05 9.950340691491697554e-14 4.422909082695919291e-14
1.804548862784303783e+05 1.031595633218458040e-13 4.446637891143896666e-14
1.807048237940514809e+05 1.032002109556989707e-13 4.457713517146903028e-14
1.809547613096725836e+05 1.020544829081231993e-13 4.443871147673987412e-14
1.812046988252936571e+05 9.832749619294614336e-14 4.451347251925623418e-14
1.814546363409147598e+05 1.031988337526174105e-13 4.436845601109189381e-14
1.817045738565358624e+05 1.045448086467132133e-13 4.433496201039049258e-14
1.819545113721569651e+05 1.050538100067945409e-13 4.423009167687306317e-14
1.822044488877780386e+05 9.554363015473013658e-14 4.416674201559773245e-14
1.824543864033991704e+05 9.948519529600236013e-14 4.411180333260697981e-14
1.827043239190202730e+05 1.046896023775335465e-13 4.417499597711625515e-14
1.829542614346413466e+05 9.435205640871314433e-14 4.404298396235731844e-14
1.832041989502624492e+05 9.535858432481017038e-14 4.381991824533620091e-14
1.834541364658835519e+05 1.008325879227472292e-13 4.389778790623073751e-14
1.837040739815046254e+05 9.253618794355747649e-14 4.373358655976830659e-14
1.839540114971257281e+05 9.950063638242497839e-14 4.377011266976166254e-14
1.842039490127468307e+05 9.875699193191845043e-14 4.387175228051575113e-14
1.844538865283679334e+05 9.860392748518865738e-14 4.391674318544051491e-14
1.847038240439890069e+05 9.155378343149655812e-14 4.386028151695796476e-14
1.849537615596101095e+05 9.497488706108255569e-14 4.382718332033335067e-14
1.852036990752312122e+05 9.769786452695762922e-14 4.382746418071420317e-14
1.854536365908522857e+05 9.351948904683995968e-14 4.387676205444839205e-14
1.857035741064733884e+05 9.401516996525691072e-14 4.369378103102867818e-14
1.859535116220944910e+05 1.065018331907349220e-13 4.365425333297901479e-14
1.862034491377155646e+05 9.765734218467184194e-14 4.377977103432872833e-14
1.864533866533366672e+05 9.782338203381676628e-14 4.387791284600707657e-14
1.867033241689577699e+05 9.085385836012501101e-14 4.383688104247994430e-14
1.869532616845788434e+05 9.998537561122203040e-14 4.364285871804310153e-14
1.872031992001999461e+05 9.886822175222462477e-14 4.373939554434517519e-14
1.874531367158210487e+05 9.717249586334129249e-14 4.367395788800282880e-14
1.877030742314421514e+05 9.328857785372556421e-14 4.377957972387476227e-14
1.879530117470632249e+05 9.693914705128961284e-14 4.376906871780691907e-14
1.882029492626843276e+05 9.290951497405799753e-14 4.385150383761538513e-14
1.884528867783054302e+05 9.307845664614938497e-14 4.379112595281155985e-14
1.887028242939265037e+05 9.791736631278092093e-14 4.372029726956268764e-14
1.889527618095476064e+05 1.003877945669006347e-13 4.368485793526967685e-14
1.892026993251687090e+05 1.005430893006313308e-13 4.384490287533357225e-14
1.894526368407897826e+05 9.987208250445168281e-14 4.372163892101773511e-14
1.897025743564108852e+05 9.507441413091125848e-14 4.377188983160682272e-14
1.899525118720319879e+05 9.651678166934190911e-14 4.381785431452464688e-14
1.902024493876531196e+05 8.804365690142756441e-14 4.368969815158987685e-14
1.904523869032741932e+05 9.335806801215817672e-14 4.374385262351950190e-14
1.907023244188952958e+05 9.618380130237317806e-14 4.368348133692479079e-14
1.909522619345163985e+05 9.316332317411176748e-14 4.363912937667842197e-14
1.912021994501374720e+05 9.098053144228467983e-14 4.364539132129084028e-14
1.914521369657585747e+05 9.152357356911360716e-14 4.362020692383379638e-14
1.917020744813796773e+05 9.060888662499229680e-14 4.364558330257371759e-14
1.919520119970007509e+05 8.520942455441891640e-14 4.356955311068641388e-14
1.922019495126218535e+05 8.854147234234692175e-14 4.341752211106851440e-14
1.924518870282429561e+05 9.113167077569248287e-14 4.360382280039023183e-14
1.927018245438640297e+05 9.357966754140472500e-14 4.351177914887337306e-14
1.929517620594851323e+05 9.013477829839567582e-14 4.370764915846211045e-14
1.932016995751062350e+05 9.396307139311202665e-14 4.333536762179378054e-14
1.934516370907273376e+05 9.635656864434248839e-14 4.344568371531579570e-14
1.937015746063484112e+05 1.002010154601570229e-13 4.341505196731066484e-14
1.939515121219695138e+05 9.680604881448844454e-14 4.341964816368067328e-14
1.942014496375906165e+05 9.208838777619998632e-14 4.313076405164557768e-14
1.944513871532116900e+05 9.524109653379531358e-14 4.326054152110025310e-14
1.947013246688327927e+05 9.020344917258807497e-14 4.326269141899447516e-14
1.949512621844538953e+05 9.783187468732956052e-14 4.301686604960626091e-14
1.952011997000749689e+05 9.178791902858764566e-14 4.305094762509001454e-14
1.954511372156960715e+05 8.915253781362239852e-14 4.312830151723939511e-14
1.957010747313171742e+05 9.454410020096583759e-14 4.326004275187300533e-14
1.959510122469382768e+05 9.863129173640534649e-14 4.319434055777922206e-14
1.962009497625593503e+05 9.851210510350272324e-14 4.334606522600797529e-14
1.964508872781804530e+05 9.672080975490737548e-14 4.343218688773980621e-14
1.967008247938015556e+05 1.000396556772053950e-13 4.336056361479343639e-14
1.969507623094226292e+05 1.001128232637785193e-13 4.313398007446331153e-14
1.972006998250437318e+05 9.510021506104781147e-14 4.324236872131312845e-14
1.974506373406648345e+05 9.659390789473197600e-14 4.327445958432816739e-14
1.977005748562859080e+05 9.932438401220285091e-14 4.312602561694353711e-14
1.979505123719070398e+05 9.633823120846236901e-14 4.328785353176864279e-14
1.982004498875281424e+05 8.982268895064625336e-14 4.310612392288840721e-14
1.984503874031492451e+05 8.785728907834151737e-14 4.316169642264686488e-14
1.987003249187703186e+05 9.222695555060970360e-14 4.312252469487263762e-14
1.989502624343914213e+05 1.029735582366444432e-13 4.302336190612053184e-14
1.992001999500125239e+05 9.601820850919498302e-14 4.313371030642898849e-14
1.994501374656335975e+05 9.648324582309164887e-14 4.317430012362951378e-14
1.997000749812547001e+05 9.547774710428656202e-14 4.303257072533740617e-14
1.999500124968758028e+05 9.655459691457918936e-14 4.304488875748247569e-14
2.001999500124968763e+05 9.166789482811901894e-14 4.293952384171585622e-14
2.004498875281179789e+05 9.796679165869426305e-14 4.285224996641130658e-14
2.006998250437390816e+05 9.755888611261855421e-14 4.285886161895657657e-14
2.009497625593601551e+05 9.242423467084184257e-14 4.296685048591593727e-14
2.011997000749812578e+05 9.123254805659786866e-14 4.293027973792782329e-14
2.014496375906023604e+05 8.992929235515795554e-14 4.286545607973536763e-14
2.016995751062234631e+05 9.018390050911617946e-14 4.290855424631777112e-14
2.019495126218445366e+05 8.701770333693839111e-14 4.296273880666039036e-14
2.021994501374656393e+05 8.763335031606300735e-14 4.299759088361118242e-14
2.024493876530867419e+05 9.418014193432295821e-14 4.314447879246160214e-14
2.026993251687078155e+05 8.863591844496592151e-14 4.304509935100125755e-14
2.029492626843289181e+05 8.746358322027807879e-14 4.288034354735857724e-14
2.031992001999500208e+05 9.013138497782385773e-14 4.299594098452176501e-14
2.034491377155710943e+05 8.982617478273153335e-14 4.281778174394757301e-14
2.036990752311921970e+05 9.125759167851556452e-14 4.276462670780361627e-14
2.039490127468132996e+05 9.152388164352369594e-14 4.259443028086229650e-14
2.041989502624343731e+05 9.013248571468845811e-14 4.276399990428953049e-14
2.044488877780554758e+05 8.304480865172296296e-14 4.272657743823925205e-14
2.046988252936765784e+05 8.748607944743385949e-14 4.294658270070682815e-14
2.049487628092976811e+05 9.105368480343184156e-14 4.294733031631224291e-14
2.051987003249187546e+05 8.867760231978651207e-14 4.296709621493244696e-14
2.054486378405398573e+05 9.137732338925676852e-14 4.271995834611191560e-14
2.056985753561609890e+05 8.865589568490102714e-14 4.275804801122257213e-14
2.059485128717820626e+05 9.215788073541032682e-14 4.296076216234988645e-14
2.061984503874031652e+05 8.630464346679561614e-14 4.289147347697165818e-14
2.064483879030242679e+05 8.596536507838819323e-14 4.280645822559513139e-14
2.066983254186453414e+05 8.833368113612297334e-14 4.274927044044014620e-14
2.069482629342664441e+05 8.974745399936056851e-14 4.271586688535542465e-14
2.071982004498875467e+05 9.078076612569669914e-14 4.271151856205464793e-14
2.074481379655086494e+05 8.749925827619796232e-14 4.279645087297193062e-14
2.076980754811297229e+05 9.301869630529929195e-14 4.275085481937541937e-14
2.079480129967508256e+05 8.993677229234749093e-14 4.261955649779542417e-14
2.081979505123719282e+05 9.330578880756261044e-14 4.266178207665423186e-14
2.084478880279930017e+05 9.951414916677933280e-14 4.270907566775902857e-14
2.086978255436141044e+05 9.172417561911951944e-14 4.279364635674245861e-14
2.089477630592352070e+05 9.258509300321281561e-14 4.281994513989317683e-14
2.091977005748562806e+05 9.118881941796048716e-14 4.253984190646850271e-14
2.094476380904773832e+05 8.976406893793289750e-14 4.254331035537782236e-14
2.096975756060984859e+05 9.764649405661372550e-14 4.240900869982864468e-14
2.099475131217195885e+05 9.632686848260041407e-14 4.250267148315961569e-14
2.101974506373406621e+05 8.861704490340263230e-14 4.265757932976813501e-14
2.104473881529617647e+05 8.902446378994096947e-14 4.267310878316701299e-14
2.106973256685828674e+05 9.251537217662317359e-14 4.246799051199391058e-14
2.109472631842039409e+05 9.678533535712202466e-14 4.247578011691254524e-14
2.111972006998250436e+05 9.457173669165921677e-14 4.241158415166699525e-14
2.114471382154461462e+05 9.625796084605380000e-14 4.238467487886983607e-14
2.116970757310672197e+05 9.899078145119777421e-14 4.265997638182368795e-14
2.119470132466883224e+05 9.367813916925707317e-14 4.249922748495915416e-14
2.121969507623094250e+05 9.400490499268285188e-14 4.244172239967582794e-14
2.124468882779304986e+05 9.546955881968446489e-14 4.239039532481366825e-14
2.126968257935516012e+05 8.866051398051928186e-14 4.257840141842867185e-14
2.129467633091727039e+05 9.374874820714865382e-14 4.258505479114459965e-14
2.131967008247938065e+05 9.300753387356265063e-14 4.246704707466174296e-14
2.134466383404149092e+05 9.040032722570071234e-14 4.245081368710409335e-14
2.136965758560360118e+05 9.483483369995735944e-14 4.243117461757301769e-14
2.139465133716571145e+05 8.564504813348208246e-14 4.260792146434365083e-14
2.141964508872781880e+05 8.839292703128275186e-14 4.242669820860700580e-14
2.144463884028992907e+05 8.149827402842692592e-14 4.256649972748235298e-14
2.146963259185203933e+05 8.425184174183119906e-14 4.247816786586282464e-14
2.149462634341414669e+05 8.275406408831376207e-14 4.231113008617826087e-14
2.151962009497625695e+05 8.241518944467597510e-14 4.238836071113690934e-14
2.154461384653836722e+05 8.650944105935267813e-14 4.225278138290513884e-14
2.156960759810047748e+05 8.701328531315817306e-14 4.263326422291760492e-14
2.159460134966258483e+05 9.269898454645408935e-14 4.254457735096318542e-14
2.161959510122469510e+05 9.072731967746918128e-14 4.263230946095639092e-14
2.164458885278680536e+05 9.261063692561744834e-14 4.249672208736202117e-14
2.166958260434891272e+05 9.071875882166896144e-14 4.254079985883499657e-14
2.169457635591102298e+05 8.828080935914121108e-14 4.248901357068836938e-14
2.171957010747313325e+05 8.914675261003241903e-14 4.253473155097066311e-14
2.174456385903524060e+05 8.812976116099485880e-14 4.250655273556776205e-14
2.176955761059735087e+05 9.169669174458721585e-14 4.235128980728348212e-14
2.179455136215946113e+05 8.824483473442621980e-14 4.242301528226155426e-14
2.181954511372156849e+05 8.853636530729873227e-14 4.230317293008678903e-14
2.184453886528367875e+05 9.536910890846047117e-14 4.233357008656468796e-14
2.186953261684578902e+05 9.935027916912862996e-14 4.226342161257491345e-14
2.189452636840789928e+05 9.595656183044061141e-14 4.217945763833187444e-14
2.191952011997000664e+05 9.331407401397087237e-14 4.222647072762144857e-14
2.194451387153211690e+05 9.020371931655413181e-14 4.224333892225540700e-14
2.196950762309422716e+05 9.186979889511761899e-14 4.242700984318738692e-14
2.199450137465633452e+05 8.948727676892746659e-14 4.238654500837888942e-14
2.201949512621844478e+05 9.090754680820637564e-14 4.214519814223950563e-14
2.204448887778055505e+05 9.388843242639499185e-14 4.197181872196104899e-14
2.206948262934266240e+05 9.859911142230247973e-14 4.199589114075731507e-14
2.209447638090477267e+05 9.524617743192259912e-14 4.205308591991371863e-14
2.211947013246688584e+05 9.799761864003539000e-14 4.213370052884077264e-14
2.214446388402899611e+05 9.359049466646690927e-14 4.219075719024903924e-14
2.216945763559110346e+05 9.699325695813554225e-14 4.195256053372158560e-14
2.219445138715321373e+05 8.948030527044681514e-14 4.211696837503071392e-14
2.221944513871532399e+05 9.311515618523394351e-14 4.202901398683889022e-14
2.224443889027743135e+05 9.633808492542724354e-14 4.219738177503728300e-14
2.226943264183954161e+05 9.133021022601509973e-14 4.206116363697643325e-14
2.229442639340165188e+05 1.009951733436414956e-13 4.203172435614105394e-14
2.231942014496375923e+05 9.681802508645908587e-14 4.193197434752330855e-14
2.234441389652586950e+05 9.837059337986265486e-14 4.203795669548980634e-14
2.236940764808797976e+05 9.600009237770770303e-14 4.196791247260726296e-14
2.239440139965008711e+05 1.011753360642834150e-13 4.197844053158991732e-14
2.241939515121219738e+05 9.631946939618638223e-14 4.216411992528422907e-14
2.244438890277430764e+05 9.702374995254171742e-14 4.212071592148602952e-14
2.246938265433641791e+05 9.444215655346472532e-14 4.203949471442591459e-14
2.249437640589852526e+05 9.767330132218582068e-14 4.217579332892866530e-14
2.251937015746063553e+05 9.492329756061261724e-14 4.214721461913500016e-14
2.254436390902274579e+05 9.250621985485519812e-14 4.219056070376464428e-14
2.256935766058485315e+05 9.948646420548469098e-14 4.204624115846600912e-14
2.259435141214696341e+05 9.561736820769052394e-14 4.192949247082462709e-14
2.261934516370907368e+05 9.232616110229349910e-14 4.179193704858652630e-14
2.264433891527118103e+05 8.837006867563209619e-14 4.180560251521934858e-14
2.266933266683329130e+05 8.841407186732814649e-14 4.195246690976402298e-14
2.269432641839540156e+05 9.061671054069468857e-14 4.179530117813339687e-14
2.271932016995751183e+05 8.884069272409296842e-14 4.187803213410842529e-14
2.274431392151961918e+05 8.391887132704882420e-14 4.189589643656621204e-14
2.276930767308172944e+05 8.277600281646077746e-14 4.164829211286358182e-14
2.279430142464383971e+05 7.930747243664648211e-14 4.152915569729127068e-14
2.281929517620594706e+05 8.599993842259435015e-14 4.173261959572285077e-14
2.284428892776805733e+05 9.138693190242079578e-14 4.182660190023506137e-14
2.286928267933016759e+05 9.174009940310237854e-14 4.172223480974121995e-14
2.289427643089227786e+05 8.920666341600885970e-14 4.164413550314067920e-14
2.291927018245438812e+05 8.990722949669760328e-14 4.161848805359583893e-14
2.294426393401649839e+05 9.209533232337180720e-14 4.170161051320488658e-14
2.296925768557860574e+05 9.313193011913360616e-14 4.163990874877747271e-14
2.299425143714071601e+05 9.189684756902003555e-14 4.169732710552204526e-14
2.301924518870282627e+05 9.405257839386578315e-14 4.161509419551725370e-14
2.304423894026493654e+05 9.934252913132702815e-14 4.166999085776255612e-14
2.306923269182704389e+05 9.368456708953948929e-14 4.176313361851448420e-14
2.309422644338915416e+05 9.335109839219510383e-14 4.152378391654931702e-14
2.311922019495126442e+05 9.382240152851744594e-14 4.176269419236135044e-14
2.314421394651337177e+05 9.369843833336432413e-14 4.169662498824861380e-14
2.316920769807548204e+05 9.883134297692502157e-14 4.182251330598630949e-14
2.319420144963759230e+05 9.590896355934323436e-14 4.187712137720844028e-14
2.321919520119969966e+05 9.340167879355448792e-14 4.176406772113558406e-14
2.324418895276180992e+05 9.637734749848048008e-14 4.160182555842306094e-14
2.326918270432392019e+05 9.493993533070937637e-14 4.144989540190573268e-14
2.329417645588603045e+05 9.875554468999023638e-14 4.157287325073296381e-14
2.331917020744813781e+05 1.012367526636599427e-13 4.153999600990182592e-14
2.334416395901024807e+05 9.443633696426755080e-14 4.174066959155878439e-14
2.336915771057235834e+05 9.206228068429145443e-14 4.174331150738783463e-14
2.339415146213446569e+05 8.991389344775095433e-14 4.177449910811268584e-14
2.341914521369657596e+05 8.792821470472653283e-14 4.164521256019024963e-14
2.344413896525868622e+05 8.820765246280806105e-14 4.154631158117194610e-14
2.346913271682079358e+05 9.102567286549634510e-14 4.160892209219602043e-14
2.349412646838290384e+05 8.982131289796684947e-14 4.173976126955240763e-14
2.351912021994501411e+05 8.785074617329300422e-14 4.178981949183631397e-14
2.354411397150712146e+05 9.611229975988304297e-14 4.161937363361330264e-14
2.356910772306923172e+05 9.222027933051501482e-14 4.162201146214706894e-14
2.359410147463134199e+05 9.618260340493034752e-14 4.152107708624195770e-14
2.361909522619345225e+05 1.001062207399920587e-13 4.144116464158510854e-14
2.364408897775555961e+05 9.304682263104508716e-14 4.151467588784057876e-14
2.366908272931767278e+05 9.377451191910705621e-14 4.164946305912540883e-14
2.369407648087978305e+05 9.462216502920495593e-14 4.159062783383151469e-14
2.371907023244189040e+05 9.297889788862102679e-14 4.145234127774587490e-14
2.374406398400400067e+05 9.208526564312307109e-14 4.132554087403825671e-14
2.376905773556611093e+05 8.927401055263484591e-14 4.141988345778372431e-14
2.379405148712821829e+05 9.637466493834276724e-14 4.134837212154954826e-14
2.381904523869032855e+05 9.696797552935650958e-14 4.141919420604660156e-14
2.384403899025243882e+05 9.740232638131364380e-14 4.140760150845011069e-14
2.386903274181454908e+05 9.978344464298888996e-14 4.155417834117356529e-14
2.389402649337665644e+05 1.002938226646152377e-13 4.129761346896177732e-14
2.391902024493876670e+05 9.586970060287162694e-14 4.127919945817479439e-14
2.394401399650087697e+05 9.751203026664362538e-14 4.126560349377850964e-14
2.396900774806298432e+05 9.655269010650893024e-14 4.142599849516849608e-14
2.399400149962509458e+05 9.749590100758379388e-14 4.137668373519619384e-14
2.401899525118720485e+05 9.479583873669703186e-14 4.131538008990666634e-14
2.404398900274931220e+05 9.569798375670599015e-14 4.115730159233317263e-14
2.406898275431142247e+05 9.548506956467567619e-14 4.122527448773674724e-14
2.409397650587353273e+05 9.459054014432854734e-14 4.136044315488762188e-14
2.411897025743564009e+05 9.299268077665105521e-14 4.131174819019815431e-14
2.414396400899775035e+05 8.748566032301031854e-14 4.144433088793794218e-14
2.416895776055986062e+05 9.163838997256788669e-14 4.132148872540562625e-14
2.419395151212197088e+05 9.468631057553739809e-14 4.125813586322918977e-14
2.421894526368407824e+05 9.598947701481593359e-14 4.133977172635605477e-14
2.424393901524618850e+05 9.494650317369252411e-14 4.141557107025441001e-14
2.426893276680829877e+05 9.617447757927534649e-14 4.158069348469966031e-14
2.429392651837040612e+05 8.854015647818633074e-14 4.148681551303030735e-14
2.431892026993251638e+05 9.195914452172603041e-14 4.161433350877517951e-14
2.434391402149462665e+05 9.637901629840528202e-14 4.154831424290826282e-14
2.436890777305673400e+05 9.341906704542371395e-14 4.155612084186575024e-14
2.439390152461884427e+05 8.781338030325097213e-14 4.137262505302005974e-14
2.441889527618095453e+05 9.010586596394494835e-14 4.145354694413474012e-14
2.444388902774306771e+05 9.152854656708865250e-14 4.151443102689602502e-14
2.446888277930517506e+05 8.875729711191902185e-14 4.157646062273075347e-14
2.449387653086728533e+05 9.573329300451302262e-14 4.153945949876771566e-14
2.451887028242939559e+05 9.598859904499350491e-14 4.136000936760659271e-14
2.454386403399150295e+05 8.566590135636763837e-14 4.124863268914612374e-14
2.456885778555361321e+05 9.165879544788758667e-14 4.120922427125326443e-14
2.459385153711572348e+05 9.199267689035230876e-14 4.136071226866274776e-14
2.461884528867783083e+05 9.419344349878593894e-14 4.123252415227167304e-14
2.464383904023994110e+05 9.481184757986424080e-14 4.120815435990542472e-14
2.466883279180205136e+05 9.474885724522557637e-14 4.141354708576314241e-14
2.469382654336415872e+05 9.480142179144441871e-14 4.121210295995168575e-14
2.471882029492626898e+05 9.459286843686084971e-14 4.113938686866878173e-14
2.474381404648837924e+05 9.134079672379389134e-14 4.121502804909716196e-14
2.476880779805048951e+05 9.373014261138845172e-14 4.107234912611625502e-14
2.479380154961259686e+05 9.229786039374658172e-14 4.110226297167483778e-14
2.481879530117470713e+05 9.214517684375116096e-14 4.117699151474313180e-14
2.484378905273681739e+05 9.495953617079284299e-14 4.119892114311921194e-14
2.486878280429892475e+05 9.341746086068413869e-14 4.106924433269318765e-14
2.489377655586103501e+05 9.419383014652915127e-14 4.124656338423998657e-14
2.491877030742314528e+05 9.134201646119257960e-14 4.128971883157316707e-14
2.494376405898525263e+05 9.228914169139632043e-14 4.129567212081387842e-14
2.496875781054736290e+05 9.666309968587471549e-14 4.139137346741444339e-14
2.499375156210947316e+05 9.298472352519226371e-14 4.118239169479329982e-14
2.501874531367158343e+05 9.866955186425620059e-14 4.128681144949843414e-14
2.504373906523369078e+05 9.588420636725866652e-14 4.125217889690989607e-14
2.506873281679580105e+05 8.871055123212111286e-14 4.137668188017413683e-14
2.509372656835791131e+05 8.956607194265497844e-14 4.120618892531566676e-14
2.511872031992001866e+05 9.199077125822427831e-14 4.134469714360833223e-14
2.514371407148212893e+05 8.891089465940273426e-14 4.127426933376076832e-14
2.516870782304423919e+05 9.162154751883481225e-14 4.134182236835125122e-14
2.519370157460634655e+05 8.652035876295219385e-14 4.137856723099276281e-14
2.521869532616845972e+05 8.682638104538936125e-14 4.121947859382939674e-14
2.524368907773056999e+05 8.784254238404045178e-14 4.116932081055852973e-14
2.526868282929268025e+05 9.130293202276202170e-14 4.117611140983974664e-14
2.529367658085478761e+05 8.870004449156261349e-14 4.101684019830849219e-14
2.531867033241689787e+05 8.500545174610692933e-14 4.100205207418069158e-14
2.534366408397900814e+05 8.523338347134740433e-14 4.101666169197988772e-14
2.536865783554111549e+05 8.289889642827945373e-14 4.121648371652371291e-14
2.539365158710322576e+05 8.808455895444525947e-14 4.105703531371060875e-14
2.541864533866533602e+05 9.398330600590558181e-14 4.103053036371379512e-14
2.544363909022744338e+05 8.797511925848833360e-14 4.096239307321943250e-14
2.546863284178955364e+05 9.117412188827132708e-14 4.099947326140503602e-14
2.549362659335166391e+05 9.713496644551517961e-14 4.108117751983313655e-14
2.551862034491377126e+05 9.346935784684360848e-14 4.108344318819851965e-14
2.554361409647588152e+05 9.499637975339335390e-14 4.113805467158570540e-14
2.556860784803799179e+05 9.612010973802618867e-14 4.097956710698829624e-14
2.559360159960010205e+05 9.075098517787792075e-14 4.105823821620501964e-14
2.561859535116220941e+05 9.198897161221884016e-14 4.110507344934297644e-14
2.564358910272431967e+05 9.017484398217284899e-14 4.099877497798675607e-14
2.566858285428642994e+05 8.855239786298887977e-14 4.091957690361254864e-14
2.569357660584853729e+05 9.236667107759386217e-14 4.108728066432438286e-14
2.571857035741064756e+05 9.132130692939820545e-14 4.103786169568357195e-14
2.574356410897275782e+05 8.859510523851891062e-14 4.102701794930557383e-14
2.576855786053486518e+05 8.918872974116227736e-14 4.078364164083807784e-14
2.579355161209697544e+05 8.969452855467671567e-14 4.080650528412115115e-14
2.581854536365908571e+05 8.726970968323516779e-14 4.102448840199625793e-14
2.584353911522119306e+05 9.376288421101851966e-14 4.093367159794043298e-14
2.586853286678330333e+05 9.701591435451090066e-14 4.089332940967249170e-14
2.589352661834541359e+05 9.420553669347467728e-14 4.090670775866033004e-14
2.591852036990752385e+05 9.395571195893912099e-14 4.093207154046753404e-14
2.594351412146963121e+05 9.028230767759906945e-14 4.102807624397000460e-14
2.596850787303174147e+05 9.245773536853451132e-14 4.092343260121480593e-14
2.599350162459385465e+05 9.688743645184219561e-14 4.111370327715951707e-14
2.601849537615596200e+05 9.182726582298431924e-14 4.107743940709421396e-14
2.604348912771807227e+05 9.211546263591708243e-14 4.118397716352513977e-14
2.606848287928018253e+05 9.170035280287972361e-14 4.115975891490805184e-14
2.609347663084228989e+05 9.562457596836685145e-14 4.101125566039600633e-14
2.611847038240440015e+05 9.280039264400527868e-14 4.093080860890975640e-14
2.614346413396651042e+05 8.896840521001311412e-14 4.081297602775148208e-14
2.616845788552862068e+05 9.850585990989778615e-14 4.094739844205424410e-14
2.619345163709072804e+05 9.316020456782618670e-14 4.087778112839620671e-14
2.621844538865283830e+05 9.012728158398365012e-14 4.080055961627541903e-14
2.624343914021494566e+05 9.493774269889662010e-14 4.082782619654824891e-14
2.626843289177705883e+05 9.221404833750931285e-14 4.091103439306265867e-14
2.629342664333916618e+05 9.092988659605742340e-14 4.088017291037441911e-14
2.631842039490127354e+05 9.274249089398858393e-14 4.083188822776184115e-14
2.634341414646338671e+05 8.362559797797336571e-14 4.081921115939456493e-14
2.636840789802549407e+05 8.774561889975351719e-14 4.096413423684673061e-14
2.639340164958760142e+05 8.523905037282296443e-14 4.073909103353076442e-14
2.641839540114971460e+05 9.044266466186514547e-14 4.081804100996144121e-14
2.644338915271182195e+05 9.175293499665098455e-14 4.075952888779235313e-14
2.646838290427392931e+05 9.260581606068135654e-14 4.078162140219651295e-14
2.649337665583604248e+05 9.197396340086239330e-14 4.066847627809996382e-14
2.651837040739814984e+05 9.059220387465304677e-14 4.077042311307121910e-14
2.654336415896025719e+05 9.776471307866511643e-14 4.067142555205638595e-14
2.656835791052237037e+05 9.356714752799580099e-14 4.067005681674185716e-14
2.659335166208447772e+05 9.290131406050035924e-14 4.075129829478611502e-14
2.661834541364659090e+05 9.009439772163163693e-14 4.077192637428252836e-14
2.664333916520869825e+05 9.432410981209373693e-14 4.068236059661516919e-14
2.666833291677080560e+05 9.040747918977040766e-14 4.069411866541936213e-14
2.669332666833291878e+05 9.084546079513100759e-14 4.079307678041232852e-14
2.671832041989502613e+05 8.746425761189456214e-14 4.068328557379662036e-14
2.674331417145713349e+05 9.404753573330724666e-14 4.073559643816097212e-14
2.676830792301924666e+05 9.525471003675238156e-14 4.069345512814277774e-14
2.679330167458135402e+05 9.058946663118071513e-14 4.078886011889594094e-14
2.681829542614346719e+05 9.295089772801291479e-14 4.074773034501090592e-14
2.684328917770557455e+05 9.063041549304963569e-14 4.055786552517418177e-14
2.686828292926768772e+05 9.388483386710189113e-14 4.068102437606247822e-14
2.689327668082979508e+05 9.605687990944192650e-14 4.071910687864418051e-14
2.691827043239190243e+05 9.839802821683653596e-14 4.077297722527277454e-14
2.694326418395401561e+05 9.252679812624131621e-14 4.062611103873913442e-14
2.696825793551612296e+05 9.130738182485076163e-14 4.063996311867713512e-14
2.699325168707823032e+05 9.110002147360819505e-14 4.068850485670833816e-14
2.701824543864034349e+05 9.547894710108307845e-14 4.071901279851316449e-14
2.704323919020245085e+05 9.695307226244038724e-14 4.060094365607191676e-14
2.706823294176455820e+05 9.160775033571565064e-14 4.074802209946631612e-14
2.709322669332667137e+05 9.216021812217253601e-14 4.067658024768314584e-14
2.711822044488877873e+05 9.748012587960281896e-14 4.064729133422939493e-14
2.714321419645088608e+05 9.314879150761477261e-14 4.063012959504626420e-14
2.716820794801299926e+05 9.286102584579625935e-14 4.056996842290029476e-14
2.719320169957510661e+05 9.355447430623261514e-14 4.072854988852742501e-14
2.721819545113721397e+05 9.134466671873881761e-14 4.070714930188030651e-14
2.724318920269932714e+05 9.555351335738656601e-14 4.068921809457772994e-14
2.726818295426143450e+05 9.140218463273932904e-14 4.063216987563674106e-14
2.729317670582354185e+05 9.333097437265123337e-14 4.052080513591964923e-14
2.731817045738565503e+05 8.654439896552276441e-14 4.049805933210041959e-14
2.734316420894776238e+05 9.166475728439491395e-14 4.053090846933379199e-14
2.736815796050986974e+05 9.186697943472116233e-14 4.065924743817175828e-14
2.739315171207198291e+05 9.178211181744723629e-14 4.067308145151957090e-14
2.741814546363409027e+05 9.358116036763363957e-14 4.070058203768590692e-14
2.744313921519620344e+05 9.199907746229357649e-14 4.067157192979430095e-14
2.746813296675831079e+05 8.865949622592696145e-14 4.066511649226305798e-14
2.749312671832042397e+05 8.840691480433037838e-14 4.064355260022594421e-14
2.751812046988253132e+05 8.857588776785207702e-14 4.068672031669744816e-14
2.754311422144463868e+05 8.827088720904151053e-14 4.079379389492924378e-14
2.756810797300675185e+05 9.127909063591247918e-14 4.070269988666489580e-14
2.759310172456885921e+05 8.874759587962538361e-14 4.060954144521206448e-14
2.761809547613096656e+05 8.925170230049754830e-14 4.055542502871387086e-14
2.764308922769307974e+05 9.353638215066858919e-14 4.064454195536611785e-14
2.766808297925518709e+05 8.739608621241923567e-14 4.043393314834996618e-14
2.769307673081730027e+05 8.899382665543083891e-14 4.046209907665561421e-14
2.771807048237940762e+05 9.277359000269278228e-14 4.037390984276747451e-14
2.774306423394151498e+05 9.002890229375441270e-14 4.037209328425065181e-14
2.776805798550362815e+05 9.428953829774864707e-14 4.050311843284296597e-14
2.779305173706573551e+05 8.575035075251988897e-14 4.051437931649093485e-14
2.781804548862784286e+05 9.056454281661174191e-14 4.040594779107803895e-14
2.784303924018995604e+05 8.939888577168102457e-14 4.043762170055360192e-14
2.786803299175206339e+05 9.034527378495185364e-14 4.045626158281400540e-14
2.789302674331417074e+05 8.860571701338445328e-14 4.027582893885246271e-14
2.791802049487628392e+05 8.423059976549798551e-14 4.034256594299388832e-14
2.794301424643839127e+05 8.844241459297439267e-14 4.030142236615797326e-14
2.796800799800049863e+05 9.180304135599044628e-14 4.032239029615245478e-14
2.799300174956261180e+05 8.734449885432568983e-14 4.030318392379080202e-14
2.801799550112471916e+05 8.601019385297148042e-14 4.032112034529967077e-14
2.804298925268682651e+05 8.769883561692235639e-14 4.029329892058097752e-14
2.806798300424893969e+05 8.447621373034770015e-14 4.035192218864705539e-14
2.809297675581104704e+05 8.834937879643852190e-14 4.036558474340447025e-14
2.811797050737315440e+05 8.782530492561293721e-14 4.034135727378611439e-14
2.814296425893526757e+05 8.663532560390567518e-14 4.024724595168588185e-14
2.816795801049737493e+05 8.437266762042828881e-14 4.029975886866686621e-14
2.819295176205948228e+05 8.309270658755769556e-14 4.025298320579623260e-14
2.821794551362159546e+05 8.401820402335784291e-14 4.027390211263504898e-14
2.824293926518370281e+05 9.004319742304308060e-14 4.028824529761291470e-14
2.826793301674581016e+05 9.183703309379876829e-14 4.030253896474827973e-14
2.829292676830792334e+05 9.169810850999445082e-14 4.016442640089885415e-14
2.831792051987003069e+05 8.974741443869949126e-14 4.019317688462743858e-14
2.834291427143214387e+05 8.788529479889697663e-14 4.026119943320810525e-14
2.836790802299425122e+05 9.304205060837829957e-14 4.025761165878276978e-14
2.839290177455635858e+05 8.627186800052440886e-14 4.040622102801759440e-14
2.841789552611847175e+05 9.083753496638159108e-14 4.045706827195062387e-14
2.844288927768057911e+05 8.380281497402041043e-14 4.037260805971658107e-14
2.846788302924268646e+05 8.489451332040179529e-14 4.042753715571652267e-14
2.849287678080479964e+05 8.241859602589059569e-14 4.047523333086213009e-14
2.851787053236690699e+05 8.419628288342802090e-14 4.046474680153493009e-14
2.854286428392901435e+05 8.219210285123771610e-14 4.042219959905098895e-14
2.856785803549112752e+05 8.632817266810438525e-14 4.042172159303196533e-14
2.859285178705323488e+05 8.263794783971326375e-14 4.028225876848726312e-14
2.861784553861534223e+05 8.519259756541587125e-14 4.037051077070465828e-14
2.864283929017745540e+05 8.596768456826676909e-14 4.039416519222621742e-14
2.866783304173956276e+05 8.799660424696580247e-14 4.041698105462620110e-14
2.869282679330167011e+05 8.680062903072413833e-14 4.026704923959673072e-14
2.871782054486378911e+05 9.225620319456301126e-14 4.026561698625864440e-14
2.874281429642589646e+05 9.164698927456028537e-14 4.032381182608439310e-14
2.876780804798800382e+05 8.956826151811936923e-14 4.028710486607001185e-14
2.879280179955011699e+05 9.006757200515161192e-14 4.034269530604687032e-14
2.881779555111222435e+05 9.032321663627262775e-14 4.030322380771320059e-14
2.884278930267433752e+05 8.830803932042051732e-14 4.028079915762991578e-14
2.886778305423644488e+05 9.009394472893915162e-14 4.015180702219430584e-14
2.889277680579855223e+05 9.562692797486886328e-14 4.007093673021111187e-14
2.891777055736066541e+05 9.212662208833429352e-14 4.008892478377044328e-14
2.894276430892277276e+05 8.724699040719647480e-14 4.001708423794196667e-14
2.896775806048488012e+05 9.110916854375341675e-14 4.008350370924410712e-14
2.899275181204699329e+05 8.686442492254453734e-14 4.007095720848230373e-14
2.901774556360910065e+05 8.901882341526667933e-14 4.016215421802333197e-14
2.904273931517120800e+05 8.653102447696625874e-14 4.017943354579859145e-14
2.906773306673332117e+05 8.504357948050492364e-14 4.008426549860586511e-14
2.909272681829542853e+05 8.742567067545226382e-14 4.014220173664144467e-14
2.911772056985753588e+05 8.863039493908814464e-14 4.020657646969279793e-14
2.914271432141964906e+05 8.985302212044550647e-14 4.019671514639779744e-14
2.916770807298175641e+05 9.061484215561811497e-14 4.025887397200127960e-14
2.919270182454386377e+05 9.006127329126574902e-14 4.015691495901116233e-14
2.921769557610597694e+05 8.845536412120142032e-14 4.022925166522910806e-14
2.924268932766808430e+05 9.123572925379243470e-14 4.001986904232657898e-14
2.926768307923019165e+05 9.050513832311337718e-14 4.016740105882373116e-14
2.929267683079230483e+05 8.894980298231566309e-14 3.993206293721403135e-14
2.931767058235441218e+05 8.471674823117713608e-14 4.009911379999719422e-14
2.934266433391651954e+05 8.656929592336130903e-14 4.010382246434864670e-14
2.936765808547863271e+05 8.848958167540473671e-14 4.002607977707481838e-14
2.939265183704074007e+05 8.444546324801681983e-14 4.015570390446087883e-14
2.941764558860285324e+05 8.907333243525559381e-14 4.010913779573699842e-14
2.944263934016496059e+05 9.153525575567609826e-14 4.020458519798978960e-14
2.946763309172706795e+05 8.609531544062422696e-14 4.018906177943372920e-14
2.949262684328918112e+05 9.290408744064191484e-14 4.023099911228220075e-14
2.951762059485128848e+05 8.548128778867615481e-14 4.019887478881974171e-14
2.954261434641339583e+05 8.482824640902469820e-14 4.012557907856724803e-14
2.956760809797550901e+05 8.952295301520840365e-14 3.997078988171149570e-14
2.959260184953761636e+05 8.837764722279245596e-14 3.994093796729031772e-14
2.961759560109972372e+05 8.888135675895620224e-14 3.990930418614907561e-14
2.964258935266183689e+05 9.256064888576897964e-14 3.988890864301129842e-14
2.966758310422394425e+05 9.320228452878732545e-14 4.004839133596133478e-14
2.969257685578605160e+05 8.867509363613848205e-14 3.987206241078382250e-14
2.971757060734816478e+05 8.951759199430777973e-14 3.992054905283966180e-14
2.974256435891027213e+05 8.545773532978749839e-14 3.982499357719207292e-14
2.976755811047237949e+05 8.722389925922146503e-14 3.987002353687872067e-14
2.979255186203449266e+05 9.206105457562131443e-14 3.998020874387801567e-14
2.981754561359660001e+05 9.077416333045758432e-14 3.987665181040285992e-14
2.984253936515870737e+05 9.314638876821268529e-14 3.983051887026048386e-14
2.986753311672082054e+05 9.191175533926552560e-14 3.974857778403795958e-14
2.989252686828292790e+05 8.978732183672419930e-14 3.992017494380161408e-14
2.991752061984503525e+05 8.815196095150159098e-14 3.985165748022267971e-14
2.994251437140714843e+05 9.126816271641142902e-14 3.984137548471824233e-14
2.996750812296925578e+05 8.932095408958169081e-14 4.003415473569775522e-14
2.999250187453136314e+05 9.126100290051716453e-14 3.996999685145395075e-14
