0.000000000000000000e+00 4.092764397045067226e-01 2.733862341126753193e-01
2.499375156210947466e+02 3.794084852507539907e-01 2.667850930993868608e-01
4.998750312421894932e+02 3.690590856092996197e-01 2.552675844909556013e-01
7.498125468632841830e+02 3.872702410793067429e-01 2.441159762439462921e-01
9.997500624843789865e+02 4.823513677728354931e-01 2.337152932244009884e-01
1.249687578105473676e+03 4.580418373993258019e-01 2.330662946119253787e-01
1.499625093726568366e+03 3.827121587425629801e-01 2.249481005617574303e-01
1.749562609347663056e+03 4.054613462251030476e-01 2.181888036099880190e-01
1.999500124968757973e+03 3.963396145645413093e-01 2.151020576206394974e-01
2.249437640589852890e+03 3.951608603196678504e-01 2.094594130722427228e-01
2.499375156210947353e+03 4.392458596283082550e-01 2.012956961395823974e-01
2.749312671832042270e+03 3.956146898163011572e-01 1.995376136887331009e-01
2.999250187453136732e+03 3.706385362147064932e-01 1.940127640576386758e-01
3.249187703074231649e+03 3.884695389739150628e-01 1.903949872094261586e-01
3.499125218695326112e+03 3.655379634548448498e-01 1.818689748750988988e-01
3.749062734316421029e+03 2.987780224734762902e-01 1.800933284992494443e-01
3.999000249937515946e+03 4.005984122540446335e-01 1.772635110537608416e-01
4.248937765558610408e+03 4.003366361887019664e-01 1.725473767908402845e-01
4.498875281179705780e+03 3.628917008532390187e-01 1.694932516329332728e-01
4.748812796800800243e+03 3.173055197700301311e-01 1.647425787532508790e-01
4.998750312421894705e+03 3.233833974289912483e-01 1.619605517181985643e-01
5.248687828042990077e+03 3.265678454257757157e-01 1.606874795312550341e-01
5.498625343664084539e+03 3.505504418636652963e-01 1.570345679207368061e-01
5.748562859285179002e+03 3.394822118959719415e-01 1.561559205741399059e-01
5.998500374906273464e+03 3.532130299065313062e-01 1.535170638407026000e-01
6.248437890527368836e+03 2.674281999847623603e-01 1.498586123218819954e-01
6.498375406148463298e+03 2.793670431280286248e-01 1.449120933904351760e-01
6.748312921769557761e+03 2.835485896414885465e-01 1.430734883267594515e-01
6.998250437390652223e+03 2.669800497993470301e-01 1.406731705693179679e-01
7.248187953011747595e+03 2.870754469878502024e-01 1.376536510603578456e-01
7.498125468632842058e+03 3.067819979832797084e-01 1.349908843062141706e-01
7.748062984253936520e+03 2.948089604924342688e-01 1.320684221784547141e-01
7.998000499875031892e+03 2.775509073892090117e-01 1.284840820734902966e-01
8.247938015496125445e+03 2.661512168308565740e-01 1.259144312436386026e-01
8.497875531117220817e+03 2.695412019853504204e-01 1.243637314736222715e-01
8.747813046738316189e+03 2.425481061841204822e-01 1.235322191068237846e-01
8.997750562359411560e+03 2.929328710864508856e-01 1.192866376325587702e-01
9.247688077980505113e+03 3.071916972449940109e-01 1.181665892821682079e-01
9.497625593601600485e+03 2.761445054807848409e-01 1.173799184255533007e-01
9.747563109222694038e+03 2.920784619320240805e-01 1.144647281875523365e-01
9.997500624843789410e+03 2.947577789889951894e-01 1.140137862169159494e-01
1.024743814046488296e+04 2.946317852602970966e-01 1.126934237721286119e-01
1.049737565608598015e+04 2.910432851913529739e-01 1.100257010626577298e-01
1.074731317170707371e+04 2.468818306803767515e-01 1.096789825824408399e-01
1.099725068732816908e+04 2.324488129384260082e-01 1.078370201556755753e-01
1.124718820294926263e+04 2.792737873436865192e-01 1.063250448962007461e-01
1.149712571857035800e+04 2.593655747677414136e-01 1.059483736044349173e-01
1.174706323419145156e+04 2.602948601942304263e-01 1.052848029626589077e-01
1.199700074981254693e+04 2.749307451223860777e-01 1.020317931771175801e-01
1.224693826543364230e+04 2.549814470465569527e-01 1.000496477086397773e-01
1.249687578105473767e+04 2.402075777210970209e-01 9.868102952820433094e-02
1.274681329667583123e+04 2.172221181389015765e-01 9.748145832106343278e-02
1.299675081229692660e+04 2.417828443912833081e-01 9.547466611858396179e-02
1.324668832791802015e+04 2.130153575983389225e-01 9.492541868596178489e-02
1.349662584353911552e+04 2.216982596971694974e-01 9.327826402054073540e-02
1.374656335916020907e+04 2.150945968958945242e-01 9.207085364134053040e-02
1.399650087478130445e+04 2.245867901767711894e-01 9.093743431307406422e-02
1.424643839040239982e+04 2.256814143584057464e-01 8.985491784134465310e-02
1.449637590602349519e+04 1.898719853811166314e-01 8.775076387376135045e-02
1.474631342164458874e+04 2.057147998625951102e-01 8.729109533518668307e-02
1.499625093726568412e+04 1.935654762528288275e-01 8.576736778159088637e-02
1.524618845288677767e+04 1.827779016944133528e-01 8.456268390700570625e-02
1.549612596850787304e+04 1.982986145061906846e-01 8.391357593237676327e-02
1.574606348412896659e+04 1.915837558864534884e-01 8.252828230081624139e-02
1.599600099975006378e+04 1.676846747325904108e-01 8.213392673471887895e-02
1.624593851537115916e+04 1.583815659072621007e-01 8.054441107407465938e-02
1.649587603099225089e+04 1.845208814158910415e-01 8.016977848437002729e-02
1.674581354661334626e+04 1.679108176540100583e-01 7.945598408167033055e-02
1.699575106223444163e+04 1.823911553231485627e-01 7.770931781284735884e-02
1.724568857785553701e+04 1.674066453896528583e-01 7.666415847109168957e-02
1.749562609347663238e+04 1.785547178292017645e-01 7.628713871906793453e-02
1.774556360909772411e+04 1.740103772976277219e-01 7.528838517522067064e-02
1.799550112471882312e+04 1.774400106500393648e-01 7.443254349145105031e-02
1.824543864033991485e+04 1.700571774739080555e-01 7.349845200051637051e-02
1.849537615596101023e+04 1.906968622350736775e-01 7.247109128417537904e-02
1.874531367158210196e+04 1.602686975476890763e-01 7.208925911525344843e-02
1.899525118720320097e+04 1.599769815260742578e-01 7.168628804831085610e-02
1.924518870282429634e+04 1.497795455350066640e-01 6.928673614399581682e-02
1.949512621844538808e+04 1.475435791063419988e-01 6.877469245553231858e-02
1.974506373406648345e+04 1.649592583941916213e-01 6.881854736726099320e-02
1.999500124968757882e+04 1.535857484631523440e-01 6.840599658294972685e-02
2.024493876530867419e+04 1.446906866607874376e-01 6.754915710517261918e-02
2.049487628092976593e+04 1.686976442015567790e-01 6.670130618687801494e-02
2.074481379655086130e+04 1.659329096595842934e-01 6.635080163249586216e-02
2.099475131217196031e+04 1.741744771120064261e-01 6.548188025295742509e-02
2.124468882779305204e+04 1.500870185926171108e-01 6.481144950655944037e-02
2.149462634341414741e+04 1.413927279803764703e-01 6.473577235934370455e-02
2.174456385903523915e+04 1.360452764116673874e-01 6.434962873657128213e-02
2.199450137465633816e+04 1.416656358008311634e-01 6.404598991511195605e-02
2.224443889027742989e+04 1.291251254552757410e-01 6.316485405846174184e-02
2.249437640589852526e+04 1.370820744043434181e-01 6.190374392384645486e-02
2.274431392151962064e+04 1.497686552610665023e-01 6.178899478797341555e-02
2.299425143714071601e+04 1.375247204837462267e-01 6.161381022693235981e-02
2.324418895276181138e+04 1.306147542197114986e-01 6.008573733705712544e-02
2.349412646838290311e+04 1.267814701939522504e-01 6.015982736723322205e-02
2.374406398400399848e+04 1.344532319414229182e-01 5.960292052954635489e-02
2.399400149962509386e+04 1.413550051049524969e-01 5.883081166200082590e-02
2.424393901524618923e+04 1.505181445376494176e-01 5.767021512850247639e-02
2.449387653086728460e+04 1.345179733021307500e-01 5.707195814592657540e-02
2.474381404648837997e+04 1.316266496189418822e-01 5.698732894437450597e-02
2.499375156210947534e+04 1.378222397799845067e-01 5.642294908598857739e-02
2.524368907773056708e+04 1.294694011706493120e-01 5.631756590130509305e-02
2.549362659335166245e+04 1.323116971013624799e-01 5.644879394337209977e-02
2.574356410897275782e+04 1.260431904991911323e-01 5.558419017784785310e-02
2.599350162459385319e+04 1.435899388121547327e-01 5.557323898545873941e-02
2.624343914021494857e+04 1.323891802606590173e-01 5.519849669418293997e-02
2.649337665583604030e+04 1.221477574031864660e-01 5.495534240516150581e-02
2.674331417145713931e+04 1.258039268114882203e-01 5.446065161124689219e-02
2.699325168707823104e+04 1.399627691804762597e-01 5.410232111435644975e-02
2.724318920269932642e+04 1.293094046301879740e-01 5.355395013488808975e-02
2.749312671832041815e+04 1.235554007806215493e-01 5.276141961599501579e-02
2.774306423394151716e+04 1.270128661690637095e-01 5.233436812137690075e-02
2.799300174956260889e+04 1.159429832183839215e-01 5.196730205908631217e-02
2.824293926518370426e+04 1.189873267865368262e-01 5.147480048236329625e-02
2.849287678080479964e+04 1.118687466651114709e-01 5.152051993925037959e-02
2.874281429642589501e+04 1.127920756323062962e-01 5.082972229486451554e-02
2.899275181204699038e+04 1.024624342230881502e-01 4.990430788772561715e-02
2.924268932766808211e+04 1.002406017736815619e-01 4.971820520174635022e-02
2.949262684328917749e+04 1.144247478478339491e-01 4.964244550573585629e-02
2.974256435891027286e+04 1.166445284448331260e-01 4.919035269159296314e-02
2.999250187453136823e+04 1.152746556838375458e-01 4.906464037470928408e-02
3.024243939015246360e+04 1.100585103712606733e-01 4.893213299207794381e-02
3.049237690577355534e+04 1.154514969586058065e-01 4.828089534527432031e-02
3.074231442139465435e+04 1.231797027250540744e-01 4.800482998867713208e-02
3.099225193701574608e+04 1.186040448286858062e-01 4.798670740700630016e-02
3.124218945263684145e+04 1.184943533395470122e-01 4.799400154667926577e-02
3.149212696825793319e+04 1.167457624751672557e-01 4.748593417199271222e-02
3.174206448387903220e+04 1.007559938076044298e-01 4.701168657043117149e-02
3.199200199950012757e+04 1.028894264006948861e-01 4.727747882087857123e-02
3.224193951512121930e+04 9.269453381473126419e-02 4.649469990958180615e-02
3.249187703074231831e+04 9.612023625821397577e-02 4.605628377532158813e-02
3.274181454636341005e+04 9.858586173277605891e-02 4.604411382296393768e-02
3.299175206198450178e+04 1.005658982794814249e-01 4.611280452976607852e-02
3.324168957760559715e+04 9.418646263835524224e-02 4.595657537504577866e-02
3.349162709322669252e+04 9.561218765864981650e-02 4.548691438305057372e-02
3.374156460884778789e+04 9.330366329920501689e-02 4.525696280035321900e-02
3.399150212446888327e+04 9.799507189189622658e-02 4.493003715098300987e-02
3.424143964008997864e+04 9.810732740920292960e-02 4.456561213154523055e-02
3.449137715571107401e+04 8.227002225146444470e-02 4.440016912838517377e-02
3.474131467133216938e+04 9.273243802340974673e-02 4.415923330084851189e-02
3.499125218695326475e+04 9.733087755557197351e-02 4.366497677240240710e-02
3.524118970257435285e+04 9.421276768646963395e-02 4.375291918241373118e-02
3.549112721819544822e+04 9.177734544751897650e-02 4.349838741609410309e-02
3.574106473381654359e+04 9.194363393973019327e-02 4.311696319525568782e-02
3.599100224943764624e+04 9.996317040012009381e-02 4.292041899104515751e-02
3.624093976505874161e+04 8.948345711659093371e-02 4.298733563408089348e-02
3.649087728067982971e+04 9.071320974148237848e-02 4.253057515445011344e-02
3.674081479630092508e+04 9.053655461218994283e-02 4.235075974964030987e-02
3.699075231192202045e+04 8.636054348961254290e-02 4.228722594176508726e-02
3.724068982754311583e+04 8.034878432459385822e-02 4.198584691160699850e-02
3.749062734316420392e+04 7.999085543908589224e-02 4.189925838230298960e-02
3.774056485878529929e+04 7.246563064381496277e-02 4.153399811202385106e-02
3.799050237440640194e+04 7.752041516143851063e-02 4.164979609530062438e-02
3.824043989002749731e+04 8.270664289990178886e-02 4.113402147591065788e-02
3.849037740564859268e+04 8.126650630990620017e-02 4.070359984080862414e-02
3.874031492126968078e+04 9.280738696950403821e-02 4.055305456866538372e-02
3.899025243689077615e+04 7.506147793165456050e-02 4.054328680308594973e-02
3.924018995251187152e+04 8.352297462473684542e-02 4.038752375202309119e-02
3.949012746813296690e+04 8.794295340657760918e-02 4.025082393811194037e-02
3.974006498375406227e+04 8.570546288054474438e-02 3.999726898486146570e-02
3.999000249937515764e+04 8.350914031863448939e-02 3.979963462077783926e-02
4.023994001499625301e+04 9.273259425188407068e-02 3.948888708887363791e-02
4.048987753061734838e+04 7.788665107006732813e-02 3.933599408380684948e-02
4.073981504623844376e+04 8.130372748637360036e-02 3.924275869321357940e-02
4.098975256185953185e+04 8.700695375273399812e-02 3.903467914911697145e-02
4.123969007748062722e+04 9.205365341240244470e-02 3.905992554471273553e-02
4.148962759310172260e+04 8.366732383310683530e-02 3.881669394433676090e-02
4.173956510872282524e+04 9.149464513105211305e-02 3.851311395012949057e-02
4.198950262434392062e+04 9.384548953812066330e-02 3.842849171266971703e-02
4.223944013996500871e+04 9.164562899402983742e-02 3.803851680947176878e-02
4.248937765558610408e+04 8.610813789441791599e-02 3.760681464027536280e-02
4.273931517120719946e+04 8.472493632363396754e-02 3.791315297246859034e-02
4.298925268682829483e+04 7.972675967583643664e-02 3.759351161918367268e-02
4.323919020244939020e+04 8.178071387186357233e-02 3.743306232566589314e-02
4.348912771807047829e+04 7.679142306942383922e-02 3.714379153749589740e-02
4.373906523369158094e+04 8.317901883799937168e-02 3.728015924170330342e-02
4.398900274931267631e+04 7.798502461360605487e-02 3.708856955592777088e-02
4.423894026493377169e+04 7.700083080534929347e-02 3.683873440384804326e-02
4.448887778055485978e+04 7.608151972923930806e-02 3.656321543986555678e-02
4.473881529617595515e+04 8.477088538661835260e-02 3.656710500551449416e-02
4.498875281179705053e+04 7.396567501822111368e-02 3.635928599548948759e-02
4.523869032741814590e+04 8.419131575295463188e-02 3.621911673679126947e-02
4.548862784303924127e+04 8.072594271970452706e-02 3.623112304723304783e-02
4.573856535866033664e+04 8.428061744263494470e-02 3.622004377265517633e-02
4.598850287428143201e+04 7.889239456118590788e-02 3.606440085242568899e-02
4.623844038990252739e+04 7.662945975237885066e-02 3.612998657700892263e-02
4.648837790552362276e+04 7.618289599094443809e-02 3.548327969121750636e-02
4.673831542114471085e+04 7.515916641264522302e-02 3.566503592390319471e-02
4.698825293676580623e+04 7.552802395714583450e-02 3.559021354525352537e-02
4.723819045238690160e+04 7.770420995407172071e-02 3.542597054925607225e-02
4.748812796800799697e+04 7.438717340133192690e-02 3.531515295808471122e-02
4.773806548362909962e+04 8.030856892764280663e-02 3.523095470641413735e-02
4.798800299925018771e+04 8.156647249678938838e-02 3.510566855532391839e-02
4.823794051487128309e+04 7.528921041852415508e-02 3.467121033268207725e-02
4.848787803049237846e+04 7.749452837213212375e-02 3.443878330077370514e-02
4.873781554611347383e+04 7.422889189613497696e-02 3.444563047152755797e-02
4.898775306173456920e+04 7.512115244902102529e-02 3.412590687476109441e-02
4.923769057735565730e+04 7.945066737484048069e-02 3.418421327135871129e-02
4.948762809297675994e+04 7.277177401258926037e-02 3.411199952386137491e-02
4.973756560859785532e+04 8.152562426688346464e-02 3.420203147021230045e-02
4.998750312421895069e+04 7.831671599823408769e-02 3.403126710501781782e-02
5.023744063984003878e+04 7.725788908936448429e-02 3.397813116654883892e-02
5.048737815546113416e+04 8.056973010349866016e-02 3.377688659326930076e-02
5.073731567108222953e+04 8.118029643590383981e-02 3.395190891440714315e-02
5.098725318670332490e+04 7.520245738438348371e-02 3.378588713597407284e-02
5.123719070232442027e+04 7.467044592159259586e-02 3.357310883475722596e-02
5.148712821794551564e+04 7.824240265923203264e-02 3.341605144105357778e-02
5.173706573356661102e+04 7.698280602832076325e-02 3.340535935221786157e-02
5.198700324918770639e+04 8.478937853993849527e-02 3.324337917489619126e-02
5.223694076480880176e+04 7.667760226016856473e-02 3.307268650128859094e-02
5.248687828042989713e+04 7.491484382839226630e-02 3.284061680536783795e-02
5.273681579605098523e+04 7.629402358921422156e-02 3.281325804131910578e-02
5.298675331167208060e+04 7.049600573763840916e-02 3.285215823362961501e-02
5.323669082729317597e+04 8.170071191959318857e-02 3.277389644691073439e-02
5.348662834291427862e+04 7.867708937326271801e-02 3.260841928766937403e-02
5.373656585853536671e+04 6.944340011407636182e-02 3.260261066279095121e-02
5.398650337415646209e+04 7.526928716378472606e-02 3.269110871613372521e-02
5.423644088977755746e+04 7.854170684466313390e-02 3.264050230468986541e-02
5.448637840539865283e+04 8.111623743059991065e-02 3.251564839858945427e-02
5.473631592101974820e+04 7.581049388628557928e-02 3.229374425119541786e-02
5.498625343664083630e+04 7.593325101859155213e-02 3.200085656494679881e-02
5.523619095226193167e+04 7.557342511294327936e-02 3.196212073422835531e-02
5.548612846788303432e+04 7.814039860013959060e-02 3.193989947569105675e-02
5.573606598350412969e+04 6.938210774510483736e-02 3.187467489406321103e-02
5.598600349912521779e+04 7.056926533152781122e-02 3.178050546352016725e-02
5.623594101474631316e+04 7.535090704627910030e-02 3.178035529228499800e-02
5.648587853036740853e+04 6.855761672572042997e-02 3.156817887718342541e-02
5.673581604598850390e+04 7.789756771149579373e-02 3.156802588429193090e-02
5.698575356160959927e+04 7.489574597454393134e-02 3.173464172100399355e-02
5.723569107723069465e+04 8.028120102556103588e-02 3.134189447606260809e-02
5.748562859285179002e+04 7.532554534960818338e-02 3.134971506699204408e-02
5.773556610847288539e+04 7.442739428174986738e-02 3.101541774226602988e-02
5.798550362409398076e+04 6.861268856915513081e-02 3.105718913639843662e-02
5.823544113971507613e+04 7.351890460942681060e-02 3.098667719412244795e-02
5.848537865533616423e+04 6.779334535720397958e-02 3.092725583863861760e-02
5.873531617095725960e+04 7.223019960032699138e-02 3.096580660230091597e-02
5.898525368657835497e+04 7.757390244798506584e-02 3.066274207976214458e-02
5.923519120219945762e+04 7.148046000382816956e-02 3.062854286580042606e-02
5.948512871782054572e+04 7.474438784922834977e-02 3.069059181967813410e-02
5.973506623344164109e+04 7.213594945481552334e-02 3.052315063449335952e-02
5.998500374906273646e+04 7.468702115453512702e-02 3.057766267793492199e-02
6.023494126468383183e+04 6.507096239892699863e-02 3.059495543099540263e-02
6.048487878030492720e+04 6.997847772695534041e-02 3.043157312482394974e-02
6.073481629592601530e+04 6.951356019213443538e-02 3.031753349264716332e-02
6.098475381154711067e+04 7.215386159349222728e-02 3.021747843859888538e-02
6.123469132716821332e+04 7.480858841902975065e-02 3.019406567384788284e-02
6.148462884278930869e+04 7.355500873222552138e-02 3.014753391596214707e-02
6.173456635841039679e+04 7.787798212562495326e-02 3.000608388984521424e-02
6.198450387403149216e+04 7.202368643167421369e-02 2.992927922715191494e-02
6.223444138965258753e+04 6.979370720989942767e-02 2.987014374202036360e-02
6.248437890527368290e+04 7.695386672024233377e-02 2.980288536001374222e-02
6.273431642089477828e+04 7.409709174526758757e-02 2.981556322625712394e-02
6.298425393651586637e+04 7.796512105986974639e-02 2.966202592861660881e-02
6.323419145213696902e+04 7.591999667397456020e-02 2.956769502754763926e-02
6.348412896775806439e+04 7.531223700596582915e-02 2.945261988859970356e-02
6.373406648337915976e+04 7.482075683773199704e-02 2.929706785177986494e-02
6.398400399900025513e+04 6.868490703593048419e-02 2.930741986268927193e-02
6.423394151462134323e+04 7.427977559655817019e-02 2.924750418386650938e-02
6.448387903024243860e+04 6.964813023366588085e-02 2.913439294891389045e-02
6.473381654586353397e+04 7.076186650068365391e-02 2.907994645935289488e-02
6.498375406148463662e+04 6.766631632929452633e-02 2.930148253468100802e-02
6.523369157710572472e+04 6.952295436255204186e-02 2.932961915825210708e-02
6.548362909272682009e+04 6.491220144810903869e-02 2.925769839534935260e-02
6.573356660834791546e+04 6.950566578930024442e-02 2.934683972389478743e-02
6.598350412396900356e+04 6.954390112280664504e-02 2.919373278903679078e-02
6.623344163959010621e+04 6.398249773487714454e-02 2.915890317151265121e-02
6.648337915521119430e+04 6.221026682857235673e-02 2.919575804786059270e-02
6.673331667083229695e+04 6.320171349636904967e-02 2.902114546561902764e-02
6.698325418645338505e+04 6.511568549761707903e-02 2.884815761700036327e-02
6.723319170207448769e+04 6.732103156555398205e-02 2.881966517146924978e-02
6.748312921769557579e+04 6.894117222888805629e-02 2.886788557365569871e-02
6.773306673331667844e+04 6.889231922422094090e-02 2.867339912712187425e-02
6.798300424893776653e+04 6.231890855345212366e-02 2.874060743437029455e-02
6.823294176455885463e+04 6.662009652866067444e-02 2.869357527467473676e-02
6.848287928017995728e+04 6.100977277765983614e-02 2.858662058883574067e-02
6.873281679580105992e+04 6.207734803774159205e-02 2.854867247319898757e-02
6.898275431142214802e+04 5.767782769278654437e-02 2.846665274906284848e-02
6.923269182704325067e+04 5.848542192675331569e-02 2.851358976563532488e-02
6.948262934266433876e+04 6.162985591894748483e-02 2.844515193010449527e-02
6.973256685828542686e+04 6.226450910732242439e-02 2.828449324766485820e-02
6.998250437390652951e+04 6.195083099961862239e-02 2.811240234922256567e-02
7.023244188952761760e+04 6.186779734960218269e-02 2.812839510728103176e-02
7.048237940514870570e+04 6.073145442807140887e-02 2.804279228990308459e-02
7.073231692076980835e+04 6.031067438456272356e-02 2.808172208303478037e-02
7.098225443639089644e+04 6.221995810742894650e-02 2.810636401942923426e-02
7.123219195201199909e+04 6.328159122722797070e-02 2.793820695463570744e-02
7.148212946763308719e+04 5.842029076119590464e-02 2.798111164781188001e-02
7.173206698325417528e+04 5.893486030489627353e-02 2.789027697083319365e-02
7.198200449887529248e+04 6.078840876755645800e-02 2.783311708197975728e-02
7.223194201449638058e+04 5.925578345454744073e-02 2.787901178503007782e-02
7.248187953011748323e+04 5.683158959498366830e-02 2.784970195353340602e-02
7.273181704573857132e+04 5.962924204779247034e-02 2.769292203776764494e-02
7.298175456135965942e+04 5.552419304584532006e-02 2.773496982815869608e-02
7.323169207698076207e+04 5.437642368589420266e-02 2.777439330829000255e-02
7.348162959260185016e+04 5.025626547127069049e-02 2.782813456126090323e-02
7.373156710822295281e+04 5.576777080645344692e-02 2.768497320805002673e-02
7.398150462384404091e+04 5.326585440577822489e-02 2.774196508253752927e-02
7.423144213946512900e+04 5.601927836795308341e-02 2.759700855869574865e-02
7.448137965508623165e+04 5.253958255270580607e-02 2.757426038414677316e-02
7.473131717070731975e+04 5.831494596511019313e-02 2.754564023825865557e-02
7.498125468632840784e+04 5.873376845236027988e-02 2.740001856705708352e-02
7.523119220194951049e+04 5.058298058988643792e-02 2.728320811030986517e-02
7.548112971757059859e+04 5.192536478388199567e-02 2.733428446782354415e-02
7.573106723319171579e+04 5.455519823434596544e-02 2.727889843525400926e-02
7.598100474881280388e+04 5.284889000364629413e-02 2.727090594979954263e-02
7.623094226443389198e+04 5.348813029210957443e-02 2.723655417345967333e-02
7.648087978005499463e+04 5.501289678294099539e-02 2.718549471757260305e-02
7.673081729567608272e+04 5.427842283695943904e-02 2.716448991257481085e-02
7.698075481129718537e+04 5.821767172131574880e-02 2.722309230392327972e-02
7.723069232691827347e+04 5.630582497860536079e-02 2.717067188461045127e-02
7.748062984253936156e+04 5.268824846485910957e-02 2.705817283414892194e-02
7.773056735816046421e+04 5.800006062023520953e-02 2.703831952723359522e-02
7.798050487378155231e+04 5.155976619697202890e-02 2.709453921965687337e-02
7.823044238940265495e+04 5.088788545380468903e-02 2.702847007847937119e-02
7.848037990502374305e+04 5.434979575731679197e-02 2.699485892971667522e-02
7.873031742064483115e+04 5.883286189423203583e-02 2.701734891074625625e-02
7.898025493626593379e+04 5.685508903272027542e-02 2.694971090596301813e-02
7.923019245188702189e+04 5.898607239261305368e-02 2.686812555947271086e-02
7.948012996750812454e+04 5.646047718417535749e-02 2.679956421838097791e-02
7.973006748312922718e+04 5.567741322299330636e-02 2.673713465960483870e-02
7.998000499875031528e+04 5.723062557337205147e-02 2.672130852606066642e-02
8.022994251437141793e+04 5.843399516800059507e-02 2.666413263007633497e-02
8.047988002999250602e+04 5.732221412929153215e-02 2.674416200401156726e-02
8.072981754561360867e+04 6.217775323358538248e-02 2.659305973643892249e-02
8.097975506123469677e+04 5.519430844723330343e-02 2.657298785576947195e-02
8.122969257685578486e+04 5.480674942117468723e-02 2.653647322063527880e-02
8.147963009247688751e+04 5.777764379239311993e-02 2.650402455839606999e-02
8.172956760809797561e+04 5.764780638146244779e-02 2.647582553295452223e-02
8.197950512371906370e+04 5.480656283704233439e-02 2.651813807550520638e-02
8.222944263934016635e+04 5.397409459346632493e-02 2.648868024711099542e-02
8.247938015496125445e+04 5.684961824713508777e-02 2.649227052201709107e-02
8.272931767058235710e+04 5.684283566926070369e-02 2.644045719218992077e-02
8.297925518620344519e+04 5.302430730191867725e-02 2.631540348316427011e-02
8.322919270182453329e+04 5.453264969650662569e-02 2.630047646161707761e-02
8.347913021744565049e+04 5.775876699576079631e-02 2.632788868292110576e-02
8.372906773306673858e+04 5.696059366971781279e-02 2.610602355871265157e-02
8.397900524868784123e+04 5.956402846203975865e-02 2.613824751449033909e-02
8.422894276430892933e+04 5.779170673283937770e-02 2.612493771935707129e-02
8.447888027993001742e+04 5.894825115477585892e-02 2.605017259698793816e-02
8.472881779555112007e+04 5.691659453567819021e-02 2.606565503141576243e-02
8.497875531117220817e+04 5.865204679531165616e-02 2.605197231942580141e-02
8.522869282679331081e+04 5.918118012607689882e-02 2.599007185704611811e-02
8.547863034241439891e+04 5.771536902319778645e-02 2.601348646119120908e-02
8.572856785803548701e+04 5.872226394832575497e-02 2.602093698266519720e-02
8.597850537365658965e+04 5.386226539790508333e-02 2.598590717735419289e-02
8.622844288927767775e+04 5.828093505797212609e-02 2.580856341408627186e-02
8.647838040489878040e+04 5.936202223579995635e-02 2.595167308772033943e-02
8.672831792051986849e+04 5.795963126608891930e-02 2.591143719760255482e-02
8.697825543614095659e+04 5.655737292971040747e-02 2.570285811981381022e-02
8.722819295176205924e+04 5.858728143028014285e-02 2.564403272450311091e-02
8.747813046738316189e+04 5.807148305123385063e-02 2.561176078515861945e-02
8.772806798300424998e+04 6.140831460385366009e-02 2.552227115664583434e-02
8.797800549862535263e+04 5.568233306109888342e-02 2.557110965019217252e-02
8.822794301424644073e+04 5.452024566114117149e-02 2.554673838884067780e-02
8.847788052986754337e+04 5.379973729655248421e-02 2.548932214812951735e-02
8.872781804548863147e+04 5.325557525533206049e-02 2.552003599087395921e-02
8.897775556110971957e+04 5.436481347026733690e-02 2.551250622757936237e-02
8.922769307673082221e+04 5.207984772907384152e-02 2.544817478369809302e-02
8.947763059235191031e+04 5.624046178683191760e-02 2.547477123584811209e-02
8.972756810797301296e+04 5.556190456854170207e-02 2.549031387887465069e-02
8.997750562359410105e+04 5.731264334949540823e-02 2.551015213955827934e-02
9.022744313921518915e+04 5.860965742785050753e-02 2.541720910729021801e-02
9.047738065483629180e+04 5.918595807173934048e-02 2.541763309827689901e-02
9.072731817045737989e+04 5.887617312880921716e-02 2.542124269484510521e-02
9.097725568607848254e+04 5.921782278964277807e-02 2.534303933482569271e-02
9.122719320169958519e+04 5.618989680297838823e-02 2.522818169501027039e-02
9.147713071732067328e+04 5.550216553904240707e-02 2.524615403533049529e-02
9.172706823294177593e+04 5.880109185308633052e-02 2.518486254892235432e-02
9.197700574856286403e+04 5.675861117216889767e-02 2.509679914282308619e-02
9.222694326418396668e+04 5.643191738018279308e-02 2.514152511967367165e-02
9.247688077980505477e+04 5.452746033199478565e-02 2.515333428651601866e-02
9.272681829542614287e+04 5.203910299035813258e-02 2.514288980087298064e-02
9.297675581104724552e+04 5.925387482737170392e-02 2.498097583904904107e-02
9.322669332666833361e+04 5.520353729124035519e-02 2.507914830333950532e-02
9.347663084228942171e+04 5.608279379536961623e-02 2.501835498035823516e-02
9.372656835791052436e+04 5.576823110878564860e-02 2.507459540711741083e-02
9.397650587353161245e+04 5.547455896663412017e-02 2.506463250305236701e-02
9.422644338915271510e+04 5.347348121324568132e-02 2.502790136739626789e-02
9.447638090477380319e+04 5.669557337995041052e-02 2.499300494191269983e-02
9.472631842039489129e+04 5.623410882556583584e-02 2.502042901587392398e-02
9.497625593601599394e+04 5.439448507166683849e-02 2.502437745516682480e-02
9.522619345163709659e+04 5.373184710280125981e-02 2.497225528816809578e-02
9.547613096725819923e+04 5.461641194321827791e-02 2.491370671331651424e-02
9.572606848287928733e+04 5.313174407746638211e-02 2.488733850505778222e-02
9.597600599850037543e+04 5.124094224120972346e-02 2.489362752280922797e-02
9.622594351412147807e+04 5.201557853184952257e-02 2.487290013171932282e-02
9.647588102974256617e+04 5.179796749788657256e-02 2.488564950922252106e-02
9.672581854536366882e+04 5.415361100401474420e-02 2.480140783700475818e-02
9.697575606098475691e+04 5.453013451746294843e-02 2.471653386756532053e-02
9.722569357660584501e+04 5.383258891861931322e-02 2.465033879740137837e-02
9.747563109222694766e+04 5.480831045083876113e-02 2.457682767397660964e-02
9.772556860784803575e+04 5.128245386611109818e-02 2.459106682312722433e-02
9.797550612346913840e+04 5.573639625981207518e-02 2.457728627938457130e-02
9.822544363909022650e+04 5.472181505820534336e-02 2.468337489421884579e-02
9.847538115471131459e+04 5.616619066435432628e-02 2.455886346806096174e-02
9.872531867033241724e+04 5.548862563471970016e-02 2.466021297930252876e-02
9.897525618595351989e+04 5.412947000894197114e-02 2.461465411402448747e-02
9.922519370157462254e+04 5.161552713300882056e-02 2.456039605320264538e-02
9.947513121719571063e+04 5.859437786675553844e-02 2.453665790329194116e-02
9.972506873281679873e+04 5.611196849877569254e-02 2.457149553707710030e-02
9.997500624843790138e+04 5.531330823681315095e-02 2.451208034218394297e-02
1.002249437640589895e+05 5.578335688003615428e-02 2.441882218353311207e-02
1.004748812796800776e+05 5.305296711024864303e-02 2.446106327150374474e-02
1.007248187953011802e+05 5.279826221246632784e-02 2.446713697256263850e-02
1.009747563109222683e+05 5.190045307152235665e-02 2.441182728942827007e-02
1.012246938265433710e+05 5.407345656180182619e-02 2.446571771034501686e-02
1.014746313421644591e+05 5.150344653380848486e-02 2.441884943476883493e-02
1.017245688577855472e+05 5.276256659188216513e-02 2.435907859550179300e-02
1.019745063734066498e+05 5.223029645316631941e-02 2.424408342641369216e-02
1.022244438890277379e+05 5.020070435906324319e-02 2.426858677663087938e-02
1.024743814046488405e+05 5.239243737988640709e-02 2.434221854869611859e-02
1.027243189202699286e+05 5.341497378742230545e-02 2.423108780897475015e-02
1.029742564358910313e+05 5.357330146303757035e-02 2.434557525462029484e-02
1.032241939515121339e+05 5.086875099672615724e-02 2.429899138764076913e-02
1.034741314671332220e+05 5.242948754106873527e-02 2.423955698857951577e-02
1.037240689827543247e+05 5.221542183318415159e-02 2.424731270148318060e-02
1.039740064983754128e+05 5.372047462143131336e-02 2.415306112417615891e-02
1.042239440139965009e+05 5.603608764593167452e-02 2.417133097665643063e-02
1.044738815296176035e+05 5.280620354975566061e-02 2.420718203838046964e-02
1.047238190452386916e+05 5.151613479901286791e-02 2.406069910637587128e-02
1.049737565608597943e+05 5.423155234773027744e-02 2.402471902399288053e-02
1.052236940764808824e+05 5.132802185421644209e-02 2.412494880022422392e-02
1.054736315921019705e+05 5.543369370830736331e-02 2.403377805595802510e-02
1.057235691077230731e+05 5.455055546270976691e-02 2.398298641771516929e-02
1.059735066233441612e+05 5.246354160926056803e-02 2.403327616383124990e-02
1.062234441389652493e+05 5.389292010414647310e-02 2.395964465294703541e-02
1.064733816545863519e+05 5.479735744610295112e-02 2.406136136851288673e-02
1.067233191702074546e+05 5.327480795357933396e-02 2.399896580285575468e-02
1.069732566858285572e+05 5.105073642609050250e-02 2.404714026200728896e-02
1.072231942014496453e+05 4.725348385226408460e-02 2.407954145952496613e-02
1.074731317170707334e+05 4.731502662342945004e-02 2.393072612869103291e-02
1.077230692326918361e+05 5.072199111352310164e-02 2.391306332542558755e-02
1.079730067483129242e+05 5.244305749441046521e-02 2.404583211058084966e-02
1.082229442639340268e+05 5.239466511967715706e-02 2.400609986573896612e-02
1.084728817795551149e+05 5.242240049773805310e-02 2.402699882007654567e-02
1.087228192951762030e+05 5.077293004389369507e-02 2.401091071108579778e-02
1.089727568107973057e+05 5.227150558076525816e-02 2.396497407455404349e-02
1.092226943264183938e+05 5.578108251480951019e-02 2.388620112647198493e-02
1.094726318420394964e+05 5.431817684659601825e-02 2.384045089072933318e-02
1.097225693576605845e+05 5.350158686077047254e-02 2.387685149438107876e-02
1.099725068732816726e+05 5.215809657463121168e-02 2.387363044037433754e-02
1.102224443889027752e+05 5.439786785212467196e-02 2.369493374032244012e-02
1.104723819045238633e+05 5.428913657343813898e-02 2.372665626600870339e-02
1.107223194201449805e+05 5.306500135776383992e-02 2.375663183156796754e-02
1.109722569357660686e+05 5.240144839137106381e-02 2.375944714086403523e-02
1.112221944513871567e+05 5.590832189909261674e-02 2.378792868799835258e-02
1.114721319670082594e+05 5.624145979061701689e-02 2.370286409522398899e-02
1.117220694826293475e+05 5.561596683754658349e-02 2.370399161457717799e-02
1.119720069982504356e+05 5.645531897187405085e-02 2.367641356596343616e-02
1.122219445138715382e+05 5.497587955907379254e-02 2.373222964149944436e-02
1.124718820294926263e+05 5.572480627657883101e-02 2.379289130287792417e-02
1.127218195451137290e+05 5.230455873414319862e-02 2.375664566559129720e-02
1.129717570607348171e+05 5.321306778987280189e-02 2.363242819406563555e-02
1.132216945763559052e+05 5.110893838515239568e-02 2.359160695995817306e-02
1.134716320919770078e+05 5.345905772130469386e-02 2.358572738015972045e-02
1.137215696075980959e+05 4.904158072470263946e-02 2.362306901676013496e-02
1.139715071232191985e+05 4.842147737808546321e-02 2.348796883153024886e-02
1.142214446388402866e+05 5.317263320723061848e-02 2.358371399822382919e-02
1.144713821544613893e+05 5.329950692452500860e-02 2.347947313924109158e-02
1.147213196700824919e+05 5.429417275173614027e-02 2.349166665450914959e-02
1.149712571857035800e+05 5.348392247930171955e-02 2.349288994285149076e-02
1.152211947013246827e+05 5.746179752693558740e-02 2.346263049418631161e-02
1.154711322169457708e+05 5.442332195511189602e-02 2.337845035095209925e-02
1.157210697325668589e+05 5.361814165756476763e-02 2.348271078097849407e-02
1.159710072481879615e+05 5.390600144320095016e-02 2.354547355768643949e-02
1.162209447638090496e+05 5.401892353546192127e-02 2.340604059854242344e-02
1.164708822794301523e+05 5.644254368516952308e-02 2.342124266786005729e-02
1.167208197950512404e+05 5.368612922607890470e-02 2.346371554978747553e-02
1.169707573106723285e+05 5.119032879789110063e-02 2.347523905578793521e-02
1.172206948262934311e+05 5.076098546653549232e-02 2.340179998659852600e-02
1.174706323419145192e+05 5.193378628034801131e-02 2.346475748997209343e-02
1.177205698575356073e+05 5.396044088173249098e-02 2.341435268419947077e-02
1.179705073731567099e+05 5.566787424572067905e-02 2.330694242995283438e-02
1.182204448887777980e+05 5.333818074238014934e-02 2.331906736654306214e-02
1.184703824043989152e+05 5.332011170243241421e-02 2.333318283849800459e-02
1.187203199200200033e+05 5.222184611631847106e-02 2.321646554413417385e-02
1.189702574356410914e+05 5.497675499358869317e-02 2.325826821597873004e-02
1.192201949512621941e+05 5.451916581086150432e-02 2.324032779042373500e-02
1.194701324668832822e+05 5.669322806257867664e-02 2.320385171363811491e-02
1.197200699825043848e+05 5.487703360416665982e-02 2.317560757816628306e-02
1.199700074981254729e+05 5.524938954456169032e-02 2.323990125423449835e-02
1.202199450137465610e+05 5.377311561289166431e-02 2.314147924027029624e-02
1.204698825293676637e+05 5.224030871200478071e-02 2.323117650673025766e-02
1.207198200449887518e+05 4.958148176759278464e-02 2.326520179107741115e-02
1.209697575606098544e+05 5.342656877258747383e-02 2.316034058417068553e-02
1.212196950762309425e+05 5.318844762399937975e-02 2.321859806280684654e-02
1.214696325918520306e+05 5.007700351345606427e-02 2.322160006900574059e-02
1.217195701074731332e+05 5.367993801394125436e-02 2.325062043380042923e-02
1.219695076230942213e+05 5.032648647112997892e-02 2.318347865918772566e-02
1.222194451387153385e+05 5.127965787934548464e-02 2.323177058033601070e-02
1.224693826543364266e+05 5.446613439675276197e-02 2.325341067634733791e-02
1.227193201699575147e+05 4.945329127166098876e-02 2.309342386612356357e-02
1.229692576855786174e+05 5.234014603222027912e-02 2.317075084630770831e-02
1.232191952011997055e+05 5.397418672289316932e-02 2.307812905261200087e-02
1.234691327168207936e+05 5.420806555740157601e-02 2.307786663665256990e-02
1.237190702324418962e+05 5.206881160694819960e-02 2.305570714676104596e-02
1.239690077480629843e+05 5.231341705425588545e-02 2.300811241325483383e-02
1.242189452636840870e+05 5.393820064278403298e-02 2.303690348347486525e-02
1.244688827793051751e+05 5.331246930662014022e-02 2.305360187983138132e-02
1.247188202949262632e+05 5.288848782124678377e-02 2.306260868239441708e-02
1.249687578105473658e+05 5.423660507832205740e-02 2.300585918262292029e-02
1.252186953261684539e+05 5.398544528724292385e-02 2.305648301037015527e-02
1.254686328417895566e+05 5.203273484910286156e-02 2.303461864250482341e-02
1.257185703574106446e+05 5.184913768284782343e-02 2.307808228493700431e-02
1.259685078730317327e+05 5.135185713726986290e-02 2.307868448909302858e-02
1.262184453886528499e+05 5.208107038420289880e-02 2.299673510379714528e-02
1.264683829042739380e+05 5.209108332345511322e-02 2.290774481804375498e-02
1.267183204198950407e+05 5.007556693189049030e-02 2.288861546139426759e-02
1.269682579355161288e+05 5.218593634493854522e-02 2.291147216474219428e-02
1.272181954511372169e+05 5.180489031438842429e-02 2.287122356424988942e-02
1.274681329667583195e+05 5.590800235031415100e-02 2.290087439280500889e-02
1.277180704823794076e+05 5.380630317662981471e-02 2.291329930557997260e-02
1.279680079980005103e+05 5.144875180424766242e-02 2.286333092612948328e-02
1.282179455136215984e+05 5.193235588267349628e-02 2.286024437175119065e-02
1.284678830292426865e+05 5.352811235620204972e-02 2.288501867493918096e-02
1.287178205448637891e+05 5.058841487981061147e-02 2.287358399830628428e-02
1.289677580604848772e+05 5.156481905386420955e-02 2.276297585389314149e-02
1.292176955761059653e+05 5.295726283190727718e-02 2.278691486401309210e-02
1.294676330917270679e+05 5.361655045105220840e-02 2.278786997982200010e-02
1.297175706073481560e+05 5.116051737063943144e-02 2.285989763032094182e-02
1.299675081229692732e+05 5.408394546459902724e-02 2.294228839951313950e-02
1.302174456385903613e+05 5.224057635611620287e-02 2.297617150844938338e-02
1.304673831542114494e+05 5.400921096863781773e-02 2.289267702837229079e-02
1.307173206698325521e+05 5.092047190944620771e-02 2.279329994089740463e-02
1.309672581854536402e+05 5.186582862032607100e-02 2.282988061803633076e-02
1.312171957010747283e+05 5.321687199548716385e-02 2.280333594050966764e-02
1.314671332166958309e+05 5.149727811358515567e-02 2.285298090051819664e-02
1.317170707323169336e+05 4.956648277906856165e-02 2.281635118561357520e-02
1.319670082479380071e+05 4.974837330878025682e-02 2.274749263747088621e-02
1.322169457635591098e+05 5.126696149009943304e-02 2.277290270669482530e-02
1.324668832791802124e+05 5.146406016410782353e-02 2.270031916848897977e-02
1.327168207948012860e+05 5.354278211073803390e-02 2.271888443880910533e-02
1.329667583104223886e+05 5.129055950871938552e-02 2.276042612145058250e-02
1.332166958260434913e+05 5.312686615637313842e-02 2.269312198836347105e-02
1.334666333416645939e+05 5.061008345433618688e-02 2.275893845644968647e-02
1.337165708572856674e+05 5.322273481721258998e-02 2.273300046736217647e-02
1.339665083729067701e+05 5.103295651546740225e-02 2.271246794663198121e-02
1.342164458885278727e+05 5.113688549510262554e-02 2.263178615197354235e-02
1.344663834041489754e+05 5.408338993374769282e-02 2.267827146788491469e-02
1.347163209197700780e+05 5.190473825943394542e-02 2.267707452057341963e-02
1.349662584353911516e+05 5.218845676701134445e-02 2.267772150709690404e-02
1.352161959510122542e+05 5.360703775601518423e-02 2.263468050311881474e-02
1.354661334666333569e+05 5.247756299965580101e-02 2.263570511699677587e-02
1.357160709822544304e+05 5.192866797449649519e-02 2.263301267486255916e-02
1.359660084978755331e+05 5.162235827373068409e-02 2.267012496221839854e-02
1.362159460134966357e+05 5.335887327059824631e-02 2.265744967519548944e-02
1.364658835291177093e+05 5.219065566488999969e-02 2.258551044222666115e-02
1.367158210447388119e+05 5.144670885655205222e-02 2.258295021504766464e-02
1.369657585603599146e+05 5.038542308099148298e-02 2.262704090417595737e-02
1.372156960759810172e+05 5.109723296090516037e-02 2.262070071341414079e-02
1.374656335916021198e+05 4.939461908133277457e-02 2.260523172820534665e-02
1.377155711072231934e+05 4.924249340417937576e-02 2.266477095718470378e-02
1.379655086228442960e+05 4.907734946905129014e-02 2.256805180196275532e-02
1.382154461384653987e+05 5.056049982536588855e-02 2.259150818494011503e-02
1.384653836540865013e+05 4.893562553226953743e-02 2.251996129534710941e-02
1.387153211697075749e+05 5.010458806019518069e-02 2.246599601526275136e-02
1.389652586853286775e+05 4.817813829988021324e-02 2.253851406153062342e-02
1.392151962009497802e+05 5.006646881624813444e-02 2.246294012918231831e-02
1.394651337165708537e+05 4.927447405657874729e-02 2.240292216168275272e-02
1.397150712321919564e+05 4.954064232978414029e-02 2.240224979528376847e-02
1.399650087478130590e+05 4.888761579771969124e-02 2.239076056485806918e-02
1.402149462634341326e+05 4.847613632568165826e-02 2.239393102938340430e-02
1.404648837790552352e+05 4.947300672546511152e-02 2.242159661386588718e-02
1.407148212946763379e+05 4.865514371257139564e-02 2.235505255758727175e-02
1.409647588102974114e+05 4.656725089632959141e-02 2.234281363920181604e-02
1.412146963259185140e+05 4.911290527425816316e-02 2.239216177123534365e-02
1.414646338415396167e+05 5.026592619223935882e-02 2.232426477029110512e-02
1.417145713571607193e+05 4.945781171667478632e-02 2.238616936762784226e-02
1.419645088727817929e+05 4.864211675862712553e-02 2.243951190974525708e-02
1.422144463884028955e+05 4.749491927958051501e-02 2.239191706684086000e-02
1.424643839040239982e+05 4.694541185788143195e-02 2.244371865959024839e-02
1.427143214196450717e+05 4.599005369086126005e-02 2.240689875734144798e-02
1.429642589352661744e+05 4.603305972077508662e-02 2.237178365034922164e-02
1.432141964508872770e+05 4.728735190318297116e-02 2.243579781791954150e-02
1.434641339665083506e+05 4.784149342111415626e-02 2.233938656805646919e-02
1.437140714821294823e+05 4.901361704081366732e-02 2.236656192574254173e-02
1.439640089977505850e+05 4.941650309807415348e-02 2.237021845859549218e-02
1.442139465133716876e+05 4.862218318892524982e-02 2.233656431925742578e-02
1.444638840289927612e+05 5.184456541295859311e-02 2.224738150174429552e-02
1.447138215446138638e+05 4.792074480936609621e-02 2.220445535169949733e-02
1.449637590602349665e+05 4.755013016396327646e-02 2.224598407438480030e-02
1.452136965758560400e+05 4.750711333349702525e-02 2.228071853407168415e-02
1.454636340914771426e+05 4.833813838635120375e-02 2.225602167381780794e-02
1.457135716070982453e+05 4.872805751001348801e-02 2.229053571303495074e-02
1.459635091227193188e+05 4.857849866486244061e-02 2.227376279554346347e-02
1.462134466383404215e+05 4.879951830865301293e-02 2.221417691115051829e-02
1.464633841539615241e+05 4.769339705268982321e-02 2.218844906024073152e-02
1.467133216695825977e+05 4.721055846910535841e-02 2.226463763653266023e-02
1.469632591852037003e+05 4.506673954128031373e-02 2.230091121534257328e-02
1.472131967008248030e+05 4.886904297224049093e-02 2.230171489350127670e-02
1.474631342164459056e+05 5.023088430391256520e-02 2.230005527017864600e-02
1.477130717320669792e+05 4.599804676032825251e-02 2.224483384642491832e-02
1.479630092476880818e+05 4.778390555353526775e-02 2.218705968362115130e-02
1.482129467633091845e+05 4.956917089624927192e-02 2.214094368643487742e-02
1.484628842789302580e+05 4.827557431046008291e-02 2.213918803360851936e-02
1.487128217945513607e+05 4.719535337833289518e-02 2.211059846144565813e-02
1.489627593101724633e+05 4.914772282027499856e-02 2.217323779961187860e-02
1.492126968257935368e+05 5.065062385842188791e-02 2.210343276275429994e-02
1.494626343414146395e+05 4.964065636085702310e-02 2.213650743920901956e-02
1.497125718570357421e+05 4.959726330594011606e-02 2.211628024886638788e-02
1.499625093726568157e+05 5.041483581379683360e-02 2.212913194129421598e-02
1.502124468882779183e+05 4.844681171869053005e-02 2.208732188752769721e-02
1.504623844038990210e+05 4.735143690879043549e-02 2.211068915465333115e-02
1.507123219195201236e+05 5.020346674106664769e-02 2.208926703442233228e-02
1.509622594351411972e+05 4.795466559601452294e-02 2.214559202941552077e-02
1.512121969507622998e+05 4.829482999543546068e-02 2.208664251146460686e-02
1.514621344663834316e+05 4.604365810292556510e-02 2.208031892979960345e-02
1.517120719820045051e+05 4.707819522205717450e-02 2.198664643952808265e-02
1.519620094976256078e+05 4.901236755762186648e-02 2.201651287283859504e-02
1.522119470132467104e+05 4.757701785507535003e-02 2.201397629935583286e-02
1.524618845288677840e+05 4.872505019658391473e-02 2.200034034589425438e-02
1.527118220444888866e+05 5.239563710560596332e-02 2.206501697654250985e-02
1.529617595601099893e+05 4.886992623886549786e-02 2.208598281753243117e-02
1.532116970757310919e+05 4.804614437184678843e-02 2.211501600142623883e-02
1.534616345913521654e+05 4.782705402375461018e-02 2.203521952171502707e-02
1.537115721069732681e+05 4.579382419259903775e-02 2.196150810055199840e-02
1.539615096225943707e+05 4.584388616756695373e-02 2.200108136028616768e-02
1.542114471382154443e+05 4.979647729143606844e-02 2.205410399617888442e-02
1.544613846538365469e+05 4.728050527469992992e-02 2.209179045940882005e-02
1.547113221694576496e+05 4.699404438159693331e-02 2.213180376487735093e-02
1.549612596850787231e+05 4.482996193939831758e-02 2.213006285936043940e-02
1.552111972006998258e+05 4.697447213208848921e-02 2.210118728969969262e-02
1.554611347163209284e+05 4.710758390117306127e-02 2.210797025456016571e-02
1.557110722319420311e+05 4.837730731455364835e-02 2.209102762528240491e-02
1.559610097475631046e+05 4.655453081577484026e-02 2.203485816837670586e-02
1.562109472631842073e+05 4.524682825424117261e-02 2.190513222998747081e-02
1.564608847788053099e+05 4.541617714942025597e-02 2.194920781299798673e-02
1.567108222944263835e+05 4.514514145794284311e-02 2.190391207198095005e-02
1.569607598100474861e+05 4.634648806402088400e-02 2.199474396824728506e-02
1.572106973256685887e+05 4.936832147860065884e-02 2.203788755665196664e-02
1.574606348412896623e+05 4.954597229336426406e-02 2.200109888281593859e-02
1.577105723569107649e+05 4.768280696013633274e-02 2.197403182320302462e-02
1.579605098725318676e+05 4.926377421992630262e-02 2.193020949156629720e-02
1.582104473881529411e+05 4.826200468520382841e-02 2.198152314648729386e-02
1.584603849037740438e+05 4.772957913568536686e-02 2.195865517479288209e-02
1.587103224193951464e+05 4.905993357168258323e-02 2.194909407985076374e-02
1.589602599350162491e+05 4.702592425706689921e-02 2.202898965658572905e-02
1.592101974506373517e+05 4.904126800359551175e-02 2.204112748043749251e-02
1.594601349662584544e+05 4.791697360610205902e-02 2.202295028798545093e-02
1.597100724818795570e+05 4.574614069603261807e-02 2.204682813093672075e-02
1.599600099975006306e+05 4.547376073844595218e-02 2.194342669718284122e-02
1.602099475131217332e+05 4.794392713163980746e-02 2.194667239510985149e-02
1.604598850287428359e+05 4.456804203141934151e-02 2.194715621435409589e-02
1.607098225443639094e+05 4.546790654356617362e-02 2.191534406786799227e-02
1.609597600599850120e+05 4.571451955516558224e-02 2.200640195744333824e-02
1.612096975756061147e+05 4.865718219241318976e-02 2.199487809553320530e-02
1.614596350912272173e+05 4.737199957837428393e-02 2.196188496846107965e-02
1.617095726068482909e+05 4.662696847009070028e-02 2.190752454684731509e-02
1.619595101224693935e+05 4.854084503417022134e-02 2.181842688630807048e-02
1.622094476380904962e+05 4.650062744012641719e-02 2.192385029766913060e-02
1.624593851537115697e+05 4.813923106650760952e-02 2.191530478437837826e-02
1.627093226693326724e+05 4.804963567832929577e-02 2.191848846433151754e-02
1.629592601849537750e+05 4.814833338759744868e-02 2.191674363937551329e-02
1.632091977005748486e+05 4.923563011197475831e-02 2.189484677958394854e-02
1.634591352161959512e+05 4.849737215050695799e-02 2.187652469105796915e-02
1.637090727318170539e+05 4.894587760958373640e-02 2.193602810031365299e-02
1.639590102474381274e+05 4.773675355105552742e-02 2.187235072689493187e-02
1.642089477630592301e+05 5.016819863408560759e-02 2.187686493872539537e-02
1.644588852786803327e+05 4.872558916029496451e-02 2.188776776246800435e-02
1.647088227943014354e+05 5.006647606346603663e-02 2.184563596000160465e-02
1.649587603099225089e+05 4.803930627176267870e-02 2.189300218317655547e-02
1.652086978255436115e+05 4.605137521663486139e-02 2.190984214429760393e-02
1.654586353411647142e+05 4.647250907224659972e-02 2.185179416365061814e-02
1.657085728567857877e+05 4.744839170717274346e-02 2.176677352606101387e-02
1.659585103724068904e+05 4.475475640513821435e-02 2.175152716666379007e-02
1.662084478880279930e+05 4.773425238631467948e-02 2.180943121027252574e-02
1.664583854036490666e+05 4.728109885162670029e-02 2.179185917938589526e-02
1.667083229192701692e+05 4.662897361834866111e-02 2.181499109547942183e-02
1.669582604348913010e+05 4.646295038286107904e-02 2.174591416046256498e-02
1.672081979505124036e+05 4.729830068737463783e-02 2.170762973681463273e-02
1.674581354661334772e+05 4.664368949779088697e-02 2.176200987999546768e-02
1.677080729817545798e+05 4.726019644636966777e-02 2.180622798747575142e-02
1.679580104973756825e+05 4.889928984162850850e-02 2.176609339221636033e-02
1.682079480129967560e+05 4.619417724118343727e-02 2.176908610273050812e-02
1.684578855286178587e+05 4.823147464260651995e-02 2.181625625220888140e-02
1.687078230442389613e+05 4.869819110365420506e-02 2.173270335831468947e-02
1.689577605598600348e+05 4.871774542265697172e-02 2.176497087940423847e-02
1.692076980754811375e+05 4.966590956685475872e-02 2.182653443962828677e-02
1.694576355911022401e+05 5.101378938549530617e-02 2.181872509796615664e-02
1.697075731067233137e+05 5.017354814618779635e-02 2.177390576357259369e-02
1.699575106223444163e+05 4.910923334547590002e-02 2.175208186481840736e-02
1.702074481379655190e+05 4.938492318197466174e-02 2.179915011992780705e-02
1.704573856535866216e+05 5.000592309818466252e-02 2.177870750516494591e-02
1.707073231692076952e+05 5.045278652251730667e-02 2.179940198897363512e-02
1.709572606848287978e+05 4.982030032445030482e-02 2.179784843923723847e-02
1.712071982004499005e+05 4.888180448441901277e-02 2.182877084837690773e-02
1.714571357160709740e+05 4.906348502935758277e-02 2.177071354449680932e-02
1.717070732316920767e+05 5.125498736137149014e-02 2.174645687895985710e-02
1.719570107473131793e+05 5.033658847646948348e-02 2.180486409977599668e-02
1.722069482629342529e+05 5.029928346686673990e-02 2.181776970166805774e-02
1.724568857785553555e+05 5.322344455281614178e-02 2.184142491787016346e-02
1.727068232941764581e+05 5.095686886663770149e-02 2.183258694222103835e-02
1.729567608097975608e+05 4.950421306625803902e-02 2.179379640887244354e-02
1.732066983254186343e+05 5.077722909002128221e-02 2.177415973586755912e-02
1.734566358410397370e+05 4.890440101846526416e-02 2.177540079323224062e-02
1.737065733566608396e+05 4.926759346059250699e-02 2.173459008076958701e-02
1.739565108722819132e+05 5.036348094075202009e-02 2.170095184894172899e-02
1.742064483879030158e+05 4.911612501571632761e-02 2.176184988606615078e-02
1.744563859035241185e+05 5.007942872604586454e-02 2.170983155636290254e-02
1.747063234191452211e+05 5.017791454050860717e-02 2.169593384472271944e-02
1.749562609347663238e+05 4.967322890902992755e-02 2.173170413236617457e-02
1.752061984503874264e+05 4.950960684128499767e-02 2.171968330160602492e-02
1.754561359660085000e+05 5.140113525634868591e-02 2.172379396537829632e-02
1.757060734816296026e+05 4.998715936901167861e-02 2.172633784398236845e-02
1.759560109972507053e+05 4.939372886962151848e-02 2.164502954617450459e-02
1.762059485128718079e+05 4.694707007551510158e-02 2.169403980494977180e-02
1.764558860284928815e+05 4.799356833757351115e-02 2.165383670192574592e-02
1.767058235441139841e+05 4.850011033961095647e-02 2.168083844356604242e-02
1.769557610597350867e+05 4.778865483083358234e-02 2.164015485389532770e-02
1.772056985753561603e+05 4.736585315461131623e-02 2.157239542165810542e-02
1.774556360909772629e+05 4.887814436391519496e-02 2.159601210704583177e-02
1.777055736065983656e+05 4.848949324574505781e-02 2.164859729949734912e-02
1.779555111222194391e+05 4.851117667370818259e-02 2.167638852773287605e-02
1.782054486378405418e+05 4.982942183414237197e-02 2.169917084313659553e-02
1.784553861534616444e+05 4.702643116023099562e-02 2.165355497990579040e-02
1.787053236690827471e+05 4.740572151467078305e-02 2.157333291397446617e-02
1.789552611847038206e+05 4.770846402547431614e-02 2.158728132171239614e-02
1.792051987003249233e+05 4.908935894933740690e-02 2.162796738548615483e-02
1.794551362159460259e+05 5.000745214619827655e-02 2.162209060730609436e-02
1.797050737315670995e+05 4.741118052464306926e-02 2.167401666832768567e-02
1.799550112471882021e+05 4.849347446282944313e-02 2.165193419626696217e-02
1.802049487628093048e+05 4.829445106332148213e-02 2.159455953226305236e-02
1.804548862784303783e+05 4.913927362816658539e-02 2.158286039130584422e-02
1.807048237940514809e+05 4.904702812060274947e-02 2.163332697561744580e-02
1.809547613096725836e+05 4.963854009493309100e-02 2.158200556149604890e-02
1.812046988252936571e+05 4.840031274235673947e-02 2.157145239971990092e-02
1.814546363409147598e+05 4.979895631003459361e-02 2.161808924709020252e-02
1.817045738565358624e+05 4.959665527237786670e-02 2.155322737679393405e-02
1.819545113721569651e+05 4.888113808705998875e-02 2.157708606506182625e-02
1.822044488877780386e+05 4.672757907065853283e-02 2.153330372938108694e-02
1.824543864033991704e+05 4.896540931644590561e-02 2.157978470943635804e-02
1.827043239190202730e+05 4.934839201199006653e-02 2.145961871483713715e-02
1.829542614346413466e+05 4.751923030524527608e-02 2.143796068877064018e-02
1.832041989502624492e+05 4.792831624017775821e-02 2.148692669865023830e-02
1.834541364658835519e+05 4.644658541607633168e-02 2.145891388255958057e-02
1.837040739815046254e+05 4.666303387207027670e-02 2.151104783355893904e-02
1.839540114971257281e+05 4.751488490465052839e-02 2.154370033387291092e-02
1.842039490127468307e+05 4.764901876072254877e-02 2.148786079930675719e-02
1.844538865283679334e+05 4.578220121241510787e-02 2.148061967317523024e-02
1.847038240439890069e+05 4.582426030094236685e-02 2.153646740371010712e-02
1.849537615596101095e+05 4.928563539564209672e-02 2.151745305668079089e-02
1.852036990752312122e+05 4.872856583434963945e-02 2.149317735713521596e-02
1.854536365908522857e+05 4.774980177240129714e-02 2.152550940355361583e-02
1.857035741064733884e+05 4.856478385457185798e-02 2.157145913580194030e-02
1.859535116220944910e+05 4.943001087555515954e-02 2.153921642786826504e-02
1.862034491377155646e+05 4.760633869249916716e-02 2.152741859190692233e-02
1.864533866533366672e+05 4.868001778446703898e-02 2.149979960115548996e-02
1.867033241689577699e+05 4.612082781767573580e-02 2.147295952246204911e-02
1.869532616845788434e+05 4.895313902375944548e-02 2.140814280738794970e-02
1.872031992001999461e+05 4.793721889878675008e-02 2.145644383092462637e-02
1.874531367158210487e+05 4.774940590738942919e-02 2.152968753886487160e-02
1.877030742314421514e+05 4.718234656362942786e-02 2.153704402157065323e-02
1.879530117470632249e+05 4.806218281036492290e-02 2.147399822583218390e-02
1.882029492626843276e+05 4.831735586234837260e-02 2.148248818571380989e-02
1.884528867783054302e+05 4.695216669331733067e-02 2.147769828905743417e-02
1.887028242939265037e+05 4.864449488206578492e-02 2.142495789379375570e-02
1.889527618095476064e+05 4.946312067108358385e-02 2.144668514013510496e-02
1.892026993251687090e+05 4.747764702384944108e-02 2.141547187854811810e-02
1.894526368407897826e+05 4.887765659982105243e-02 2.146352680202900931e-02
1.897025743564108852e+05 4.693147079620987178e-02 2.141787694377517148e-02
1.899525118720319879e+05 4.760500800952990191e-02 2.142380044105151801e-02
1.902024493876531196e+05 4.754507049474501063e-02 2.139471533897485331e-02
1.904523869032741932e+05 4.874957209310056688e-02 2.137386978712570162e-02
1.907023244188952958e+05 4.954230698278812989e-02 2.140724768813336357e-02
1.909522619345163985e+05 4.807907413203924701e-02 2.140260308121928398e-02
1.912021994501374720e+05 4.816405791809624803e-02 2.141828251880238676e-02
1.914521369657585747e+05 4.714906455311543287e-02 2.147758245604785773e-02
1.917020744813796773e+05 4.583399221575940735e-02 2.142531875895767671e-02
1.919520119970007509e+05 4.602089676893029307e-02 2.143242452624976799e-02
1.922019495126218535e+05 4.626387018114396649e-02 2.141254689918248300e-02
1.924518870282429561e+05 4.759773003631666971e-02 2.141512775400987098e-02
1.927018245438640297e+05 4.653065541876594963e-02 2.141893118189874823e-02
1.929517620594851323e+05 4.671572963297237341e-02 2.148842021389120449e-02
1.932016995751062350e+05 4.566848877230695464e-02 2.144652856413022113e-02
1.934516370907273376e+05 4.854758066406895251e-02 2.142598904974149163e-02
1.937015746063484112e+05 4.682922090501970280e-02 2.139968846126974814e-02
1.939515121219695138e+05 4.751930416808385765e-02 2.134155260114464422e-02
1.942014496375906165e+05 4.784968322469774354e-02 2.131341121136308761e-02
1.944513871532116900e+05 4.802332115241447069e-02 2.129569895002708310e-02
1.947013246688327927e+05 4.745816065194034122e-02 2.137249510876850292e-02
1.949512621844538953e+05 4.728252889768155137e-02 2.134784058837475504e-02
1.952011997000749689e+05 4.649024987817923504e-02 2.129436181331237701e-02
1.954511372156960715e+05 4.510990429853262845e-02 2.134166363531784030e-02
1.957010747313171742e+05 4.636337512346443840e-02 2.137362863234587226e-02
1.959510122469382768e+05 4.762913576112005193e-02 2.134632268649273509e-02
1.962009497625593503e+05 4.767596651211680053e-02 2.132553194180863976e-02
1.964508872781804530e+05 4.649764496437863021e-02 2.138583266292310922e-02
1.967008247938015556e+05 4.646903598136722935e-02 2.135788683104726526e-02
1.969507623094226292e+05 4.655998929204810399e-02 2.130533753242697115e-02
1.972006998250437318e+05 4.745527662405910063e-02 2.139953769906564537e-02
1.974506373406648345e+05 4.566075219380352768e-02 2.139523134212175173e-02
1.977005748562859080e+05 4.612329204301516411e-02 2.134338832389351751e-02
1.979505123719070398e+05 4.669446745309836083e-02 2.137661703856074194e-02
1.982004498875281424e+05 4.529384092839839476e-02 2.129396005941674649e-02
1.984503874031492451e+05 4.861955564837402294e-02 2.129197624403747491e-02
1.987003249187703186e+05 4.533164926345269879e-02 2.133355192747521736e-02
1.989502624343914213e+05 4.730797397584352026e-02 2.138982435541710372e-02
1.992001999500125239e+05 4.563991808078585871e-02 2.136612223275639530e-02
1.994501374656335975e+05 4.680183042485470263e-02 2.135456611231092983e-02
1.997000749812547001e+05 4.734862881435188825e-02 2.136871212759152913e-02
1.999500124968758028e+05 4.926475365671081214e-02 2.130167819010867283e-02
2.001999500124968763e+05 4.757251306653265815e-02 2.125072261743686866e-02
2.004498875281179789e+05 4.852862530788138590e-02 2.126121299740939274e-02
2.006998250437390816e+05 4.770704804485920852e-02 2.126118514318507680e-02
2.009497625593601551e+05 4.859348892165271661e-02 2.129816183529354215e-02
2.011997000749812578e+05 4.758026800014011209e-02 2.131544576795163168e-02
2.014496375906023604e+05 4.590908586745998110e-02 2.132611969267329474e-02
2.016995751062234631e+05 4.619061180467840672e-02 2.132282332130644442e-02
2.019495126218445366e+05 4.780869733974026786e-02 2.136031669522858376e-02
2.021994501374656393e+05 4.875830521045446814e-02 2.131564130450275263e-02
2.024493876530867419e+05 4.923889606440567251e-02 2.126987036749929463e-02
2.026993251687078155e+05 4.655302474207667629e-02 2.137880993358723739e-02
2.029492626843289181e+05 4.626607086729028762e-02 2.128528462796757184e-02
2.031992001999500208e+05 4.810885935709566935e-02 2.128798791687131972e-02
2.034491377155710943e+05 4.797234780527501186e-02 2.128235144657012953e-02
2.036990752311921970e+05 4.612414208923502207e-02 2.124646167873061112e-02
2.039490127468132996e+05 4.787198492204999822e-02 2.117638083220710343e-02
2.041989502624343731e+05 4.850792128188499697e-02 2.127911848718981591e-02
2.044488877780554758e+05 4.720209471250724764e-02 2.124098044780275626e-02
2.046988252936765784e+05 4.617813945255831026e-02 2.120368513359878124e-02
2.049487628092976811e+05 4.621975486117513299e-02 2.121639104676470780e-02
2.051987003249187546e+05 4.659888291693834589e-02 2.128528714104145278e-02
2.054486378405398573e+05 4.762130114361204369e-02 2.121850755260764124e-02
2.056985753561609890e+05 4.767447194021515178e-02 2.128509575254716735e-02
2.059485128717820626e+05 4.774802436583486936e-02 2.131610259823300477e-02
2.061984503874031652e+05 4.613216861047825246e-02 2.127999798850129312e-02
2.064483879030242679e+05 4.873658022302729959e-02 2.128311264910577594e-02
2.066983254186453414e+05 4.561271990468834109e-02 2.125032480996716724e-02
2.069482629342664441e+05 4.638603943909899718e-02 2.124088579869980523e-02
2.071982004498875467e+05 4.541337514009319981e-02 2.123361334468796061e-02
2.074481379655086494e+05 4.542155585756914998e-02 2.122206628240498605e-02
2.076980754811297229e+05 4.526953776353038333e-02 2.127285477894503077e-02
2.079480129967508256e+05 4.686937675862546532e-02 2.120551650981551683e-02
2.081979505123719282e+05 4.599079915463712837e-02 2.124876335184866863e-02
2.084478880279930017e+05 4.758911967109082791e-02 2.116365347643770281e-02
2.086978255436141044e+05 4.560549560117069939e-02 2.115690760066332374e-02
2.089477630592352070e+05 4.329075786877440574e-02 2.115063913072527321e-02
2.091977005748562806e+05 4.436113789643409550e-02 2.116888684944932472e-02
2.094476380904773832e+05 4.390287494622168579e-02 2.118172159075469921e-02
2.096975756060984859e+05 4.554899592175192663e-02 2.123036434501376565e-02
2.099475131217195885e+05 4.571289261409419713e-02 2.119267909873947739e-02
2.101974506373406621e+05 4.374309518089294913e-02 2.125571233190201234e-02
2.104473881529617647e+05 4.551647445526461194e-02 2.120587384404383491e-02
2.106973256685828674e+05 4.632674055207563341e-02 2.125729256780689927e-02
2.109472631842039409e+05 4.688866224491211598e-02 2.119792408833698003e-02
2.111972006998250436e+05 4.720652866551554999e-02 2.122077804331987116e-02
2.114471382154461462e+05 4.666730127233924968e-02 2.119552860194157118e-02
2.116970757310672197e+05 4.792093001429131166e-02 2.124853373022262890e-02
2.119470132466883224e+05 4.606147596646365666e-02 2.126317171771238690e-02
2.121969507623094250e+05 4.599666397295994885e-02 2.120322668973502467e-02
2.124468882779304986e+05 4.541667660647832894e-02 2.116466495874014253e-02
2.126968257935516012e+05 4.715355947151030763e-02 2.120514406704331056e-02
2.129467633091727039e+05 4.583938951350708529e-02 2.117027699594676779e-02
2.131967008247938065e+05 4.849231719483849262e-02 2.122054742694564136e-02
2.134466383404149092e+05 4.648439738139260174e-02 2.118317439553690784e-02
2.136965758560360118e+05 4.672919030338505003e-02 2.120918207446461853e-02
2.139465133716571145e+05 4.591739408764066582e-02 2.122954707968506896e-02
2.141964508872781880e+05 4.617528008880655843e-02 2.122842204139711864e-02
2.144463884028992907e+05 4.515283436634955766e-02 2.126553410833409777e-02
2.146963259185203933e+05 4.638413346568538015e-02 2.125186483560181916e-02
2.149462634341414669e+05 4.590857761990347480e-02 2.121453009072568271e-02
2.151962009497625695e+05 4.501044920098268287e-02 2.122333659635379857e-02
2.154461384653836722e+05 4.539266605334105892e-02 2.119328209369264124e-02
2.156960759810047748e+05 4.865155151410118645e-02 2.120075106210236524e-02
2.159460134966258483e+05 4.866176619742013792e-02 2.119257935857141520e-02
2.161959510122469510e+05 4.625840644119811468e-02 2.116658790554204472e-02
2.164458885278680536e+05 4.835762906815701395e-02 2.120564824683128860e-02
2.166958260434891272e+05 4.693359766414553075e-02 2.119320233439596357e-02
2.169457635591102298e+05 4.578749037145297268e-02 2.117458547884417189e-02
2.171957010747313325e+05 4.631449419073779827e-02 2.112253277955339001e-02
2.174456385903524060e+05 4.647976952132632650e-02 2.109083507785169606e-02
2.176955761059735087e+05 4.736603927305066408e-02 2.107255336945977955e-02
2.179455136215946113e+05 4.857239982983783261e-02 2.112501421727485881e-02
2.181954511372156849e+05 4.697086925956225206e-02 2.108421011882700633e-02
2.184453886528367875e+05 4.802421768677487407e-02 2.115820066976571712e-02
2.186953261684578902e+05 4.800453356712113678e-02 2.112921765704546193e-02
2.189452636840789928e+05 4.838836296030930156e-02 2.109630218806654925e-02
2.191952011997000664e+05 4.862961364466830000e-02 2.113944134536150862e-02
2.194451387153211690e+05 4.812237936373178065e-02 2.113328387900381342e-02
2.196950762309422716e+05 4.787087933410841267e-02 2.117461636950290771e-02
2.199450137465633452e+05 4.741992505863675683e-02 2.121339189273754866e-02
2.201949512621844478e+05 4.796543429086925353e-02 2.118991658164508587e-02
2.204448887778055505e+05 4.783764617370608180e-02 2.116649453902587699e-02
2.206948262934266240e+05 4.898114181048684318e-02 2.112501030183130957e-02
2.209447638090477267e+05 4.911359402891854464e-02 2.114811027907004259e-02
2.211947013246688584e+05 4.872481680608356513e-02 2.113671657482947899e-02
2.214446388402899611e+05 4.695163969958168759e-02 2.117181235357715532e-02
2.216945763559110346e+05 4.960713432719115329e-02 2.112553152734801196e-02
2.219445138715321373e+05 4.767339911934444924e-02 2.119041168443634368e-02
2.221944513871532399e+05 4.672099582329506534e-02 2.109004341623849435e-02
2.224443889027743135e+05 4.782476875158730989e-02 2.110238490227862515e-02
2.226943264183954161e+05 4.553141682014027330e-02 2.109742686444672499e-02
2.229442639340165188e+05 4.803810115584699475e-02 2.101008337179139859e-02
2.231942014496375923e+05 4.595396199107287111e-02 2.100746740541632393e-02
2.234441389652586950e+05 4.774701887130994304e-02 2.111608609711125573e-02
2.236940764808797976e+05 4.615560367086323640e-02 2.104656248161095380e-02
2.239440139965008711e+05 4.521902448734283625e-02 2.107382761006440161e-02
2.241939515121219738e+05 4.725937789219519097e-02 2.110537096051411099e-02
2.244438890277430764e+05 4.768543865971031775e-02 2.115308308053257327e-02
2.246938265433641791e+05 4.660775710285968571e-02 2.109961559398976574e-02
2.249437640589852526e+05 4.582491390285911570e-02 2.118406756264861954e-02
2.251937015746063553e+05 4.495100346383612555e-02 2.112418571088761285e-02
2.254436390902274579e+05 4.494397388351106803e-02 2.109152633201587593e-02
2.256935766058485315e+05 4.584471157926314072e-02 2.114696980201751300e-02
2.259435141214696341e+05 4.650236724023396051e-02 2.116293273258116822e-02
2.261934516370907368e+05 4.726679105993561447e-02 2.122889598436126721e-02
2.264433891527118103e+05 4.467328033252703640e-02 2.111813230069134462e-02
2.266933266683329130e+05 4.789483768981409734e-02 2.117305216073349025e-02
2.269432641839540156e+05 4.493222941768331563e-02 2.114093751821166309e-02
2.271932016995751183e+05 4.328970708766963910e-02 2.109866945016411477e-02
2.274431392151961918e+05 4.433421874326904516e-02 2.108887864825799777e-02
2.276930767308172944e+05 4.684551007179735271e-02 2.105152516092811607e-02
2.279430142464383971e+05 4.603989525815844336e-02 2.106222270464791838e-02
2.281929517620594706e+05 4.563493260775920018e-02 2.110062530175274217e-02
2.284428892776805733e+05 4.472603205225179207e-02 2.114057086180409772e-02
2.286928267933016759e+05 4.524476837315699607e-02 2.113335897219302886e-02
2.289427643089227786e+05 4.574828491454263624e-02 2.107534199079320533e-02
2.291927018245438812e+05 4.386198996596091942e-02 2.110797675095546846e-02
2.294426393401649839e+05 4.505315987710228204e-02 2.107316673421258044e-02
2.296925768557860574e+05 4.568655103165192299e-02 2.111856652654616265e-02
2.299425143714071601e+05 4.455153761284997432e-02 2.116062189375974775e-02
2.301924518870282627e+05 4.493701736213085579e-02 2.110979700724336869e-02
2.304423894026493654e+05 4.518915573758847115e-02 2.110691358996034592e-02
2.306923269182704389e+05 4.707446002628917076e-02 2.116167021106568624e-02
2.309422644338915416e+05 4.399585658217850664e-02 2.109600490542312690e-02
2.311922019495126442e+05 4.610427462098546508e-02 2.110175216548769439e-02
2.314421394651337177e+05 4.476190144017245381e-02 2.114345508143139485e-02
2.316920769807548204e+05 4.512305557243991710e-02 2.116131824469691738e-02
2.319420144963759230e+05 4.607855619242665762e-02 2.113337991995798901e-02
2.321919520119969966e+05 4.646792145351243825e-02 2.105534649548050988e-02
2.324418895276180992e+05 4.649061710045188089e-02 2.109659660302547202e-02
2.326918270432392019e+05 4.607510897940544914e-02 2.105064009103495629e-02
2.329417645588603045e+05 4.560060682640051238e-02 2.104775265154323893e-02
2.331917020744813781e+05 4.716730440271111463e-02 2.105464185604126112e-02
2.334416395901024807e+05 4.742176960937839053e-02 2.111287781731742072e-02
2.336915771057235834e+05 4.500692990056253534e-02 2.108399189178067692e-02
2.339415146213446569e+05 4.599206590436211856e-02 2.112544669562166702e-02
2.341914521369657596e+05 4.695164855173832724e-02 2.113207981397438595e-02
2.344413896525868622e+05 4.347751080275399221e-02 2.109994919904189040e-02
2.346913271682079358e+05 4.617388408191231558e-02 2.105786565702456523e-02
2.349412646838290384e+05 4.600742868543761938e-02 2.108692714327229864e-02
2.351912021994501411e+05 4.583329378302023610e-02 2.107958330362805568e-02
2.354411397150712146e+05 4.663074902121702031e-02 2.111507957111585440e-02
2.356910772306923172e+05 4.616196989748422297e-02 2.107274510505323731e-02
2.359410147463134199e+05 4.471627637283454026e-02 2.114986688853620275e-02
2.361909522619345225e+05 4.733362148668904951e-02 2.104171163042288864e-02
2.364408897775555961e+05 4.527662120047839384e-02 2.106496437320577730e-02
2.366908272931767278e+05 4.557015869709365313e-02 2.107914086108764531e-02
2.369407648087978305e+05 4.537303160669289848e-02 2.100548447117156839e-02
2.371907023244189040e+05 4.620793380066107875e-02 2.098826505341744308e-02
2.374406398400400067e+05 4.540195274244782087e-02 2.099458273966610042e-02
2.376905773556611093e+05 4.630796043834663894e-02 2.095107893566461668e-02
2.379405148712821829e+05 4.732150335310932737e-02 2.100590950731348605e-02
2.381904523869032855e+05 4.511804056135723662e-02 2.100541638633524402e-02
2.384403899025243882e+05 4.436745596679541465e-02 2.101537909543117408e-02
2.386903274181454908e+05 4.537437308998560487e-02 2.102577148149063768e-02
2.389402649337665644e+05 4.692258503356581262e-02 2.100076272019844523e-02
2.391902024493876670e+05 4.965697468319069108e-02 2.095811412981948493e-02
2.394401399650087697e+05 4.727775462856264460e-02 2.098120486412019883e-02
2.396900774806298432e+05 4.593141880617542666e-02 2.100118252525283793e-02
2.399400149962509458e+05 4.655953644480122916e-02 2.101121875993777754e-02
2.401899525118720485e+05 4.651003913332580481e-02 2.105257304124796836e-02
2.404398900274931220e+05 4.570631718936988414e-02 2.101027872522138670e-02
2.406898275431142247e+05 4.673721356626913542e-02 2.094880368059104381e-02
2.409397650587353273e+05 4.485542364342266081e-02 2.096785224636928124e-02
2.411897025743564009e+05 4.511133781804586157e-02 2.095582034205757671e-02
2.414396400899775035e+05 4.425437002997662655e-02 2.102924828313143882e-02
2.416895776055986062e+05 4.382311963763981660e-02 2.100009278306774405e-02
2.419395151212197088e+05 4.615974591102561114e-02 2.104146813825701415e-02
2.421894526368407824e+05 4.668974412835422139e-02 2.103638316834253660e-02
2.424393901524618850e+05 4.737460868909240674e-02 2.100691967046004749e-02
2.426893276680829877e+05 4.726503722852874040e-02 2.101835334684868870e-02
2.429392651837040612e+05 4.721260881991207192e-02 2.094737526506772196e-02
2.431892026993251638e+05 4.558489891113154391e-02 2.095391736971300226e-02
2.434391402149462665e+05 4.689056293698229405e-02 2.098113564320108412e-02
2.436890777305673400e+05 4.832414868565953342e-02 2.100269724930431056e-02
2.439390152461884427e+05 4.590518814870689357e-02 2.099757153397607823e-02
2.441889527618095453e+05 4.647052785416450754e-02 2.093687107585970666e-02
2.444388902774306771e+05 4.617382578660089026e-02 2.101081571064480902e-02
2.446888277930517506e+05 4.468862875680648661e-02 2.104169646846627828e-02
2.449387653086728533e+05 4.669437729866005721e-02 2.103248658733662679e-02
2.451887028242939559e+05 4.723617407012312835e-02 2.108224474080537536e-02
2.454386403399150295e+05 4.371044506154419390e-02 2.103993426664872365e-02
2.456885778555361321e+05 4.464725119139634213e-02 2.105995524063835819e-02
2.459385153711572348e+05 4.396204400802867368e-02 2.110480534474708583e-02
2.461884528867783083e+05 4.493748512107265808e-02 2.105286267218988219e-02
2.464383904023994110e+05 4.524001160440722230e-02 2.106450081400726773e-02
2.466883279180205136e+05 4.546080931862306329e-02 2.106922834084908394e-02
2.469382654336415872e+05 4.646294600170760430e-02 2.104750568084862161e-02
2.471882029492626898e+05 4.364175595595259916e-02 2.101997554482384900e-02
2.474381404648837924e+05 4.414486372861393254e-02 2.103775284408920462e-02
2.476880779805048951e+05 4.542801712885552456e-02 2.100001778357745916e-02
2.479380154961259686e+05 4.612280301262066534e-02 2.107580817885009242e-02
2.481879530117470713e+05 4.696683933835513886e-02 2.099794849107028405e-02
2.484378905273681739e+05 4.755105871946271184e-02 2.104731318277869648e-02
2.486878280429892475e+05 4.716723394366924976e-02 2.107963143376507045e-02
2.489377655586103501e+05 4.828785079628083315e-02 2.112730201687980022e-02
2.491877030742314528e+05 4.662194767398043088e-02 2.110723146599810529e-02
2.494376405898525263e+05 4.639972714057408881e-02 2.113754916850522567e-02
2.496875781054736290e+05 4.644831264983863978e-02 2.115873440546724507e-02
2.499375156210947316e+05 4.712670707812691845e-02 2.112448012570019781e-02
2.501874531367158343e+05 4.843731116983430313e-02 2.111264425659931110e-02
2.504373906523369078e+05 4.884134015827693021e-02 2.108592541552124777e-02
2.506873281679580105e+05 4.877568194308556926e-02 2.107623908376838121e-02
2.509372656835791131e+05 4.956939817076921884e-02 2.103497890497973630e-02
2.511872031992001866e+05 5.053106588131896920e-02 2.102679157403109997e-02
2.514371407148212893e+05 5.090357077483530918e-02 2.099624151417593329e-02
2.516870782304423919e+05 5.189584451172813556e-02 2.098045974606023781e-02
2.519370157460634655e+05 5.205200540652785840e-02 2.096138053420766242e-02
2.521869532616845972e+05 5.278690801316468506e-02 2.092134097623414915e-02
2.524368907773056999e+05 5.359781784240156416e-02 2.089296044699224739e-02
2.526868282929268025e+05 5.467033700415355191e-02 2.087067518648887468e-02
2.529367658085478761e+05 5.509389473573492180e-02 2.083061608731354500e-02
2.531867033241689787e+05 5.540060566033167683e-02 2.080602122445944849e-02
2.534366408397900814e+05 5.612715012033237666e-02 2.078457284495256394e-02
2.536865783554111549e+05 5.657943514900982268e-02 2.078294802043053821e-02
2.539365158710322576e+05 5.783661279314566972e-02 2.074286995621295662e-02
2.541864533866533602e+05 5.917011291774854770e-02 2.071702102433646206e-02
2.544363909022744338e+05 5.922919648996304715e-02 2.068671612212024877e-02
2.546863284178955364e+05 6.027373901756240965e-02 2.066767280065146331e-02
2.549362659335166391e+05 6.161388552909993765e-02 2.065340565873591619e-02
2.551862034491377126e+05 6.192369866935033135e-02 2.063063608825359274e-02
2.554361409647588152e+05 6.278928665290380018e-02 2.061346916697037387e-02
2.556860784803799179e+05 6.361170971176578759e-02 2.057349394267337164e-02
2.559360159960010205e+05 6.373919304526379226e-02 2.055890215835818463e-02
2.561859535116220941e+05 6.457384513917237279e-02 2.054090293362887884e-02
2.564358910272431967e+05 6.508182499746330285e-02 2.050651358436941102e-02
2.566858285428642994e+05 6.561032080842142677e-02 2.047502483026513234e-02
2.569357660584853729e+05 6.672071664727105555e-02 2.046996234095443262e-02
2.571857035741064756e+05 6.731097838624514051e-02 2.044166088812376936e-02
2.574356410897275782e+05 6.772133762282406266e-02 2.041748819779352214e-02
2.576855786053486518e+05 6.848702271604588387e-02 2.036842720699048523e-02
2.579355161209697544e+05 6.924330769721197265e-02 2.034786226791236372e-02
2.581854536365908571e+05 6.968592437808214524e-02 2.034818125179153891e-02
2.584353911522119306e+05 7.108304694552509961e-02 2.031544892804338157e-02
2.586853286678330333e+05 7.213337211699553941e-02 2.028811897630149533e-02
2.589352661834541359e+05 7.253472187628222378e-02 2.026653881229155407e-02
2.591852036990752385e+05 7.321013136311238512e-02 2.024624146669906297e-02
2.594351412146963121e+05 7.351911012003640999e-02 2.023350492235104908e-02
2.596850787303174147e+05 7.445409792374874103e-02 2.019929269181888407e-02
2.599350162459385465e+05 7.563036390817286236e-02 2.019664557247620798e-02
2.601849537615596200e+05 7.579091503314529243e-02 2.016975212910088536e-02
2.604348912771807227e+05 7.652390975369026405e-02 2.015814295282477783e-02
2.606848287928018253e+05 7.718162853450392935e-02 2.013253876994394384e-02
2.609347663084228989e+05 7.830379247752759786e-02 2.009363218096918077e-02
2.611847038240440015e+05 7.870366459646153945e-02 2.006200974701650291e-02
2.614346413396651042e+05 7.899566996644290240e-02 2.002638588510272447e-02
2.616845788552862068e+05 8.071862629654608101e-02 2.001776124457274597e-02
2.619345163709072804e+05 8.084862157480610101e-02 1.998729793331105106e-02
2.621844538865283830e+05 8.122615198245854151e-02 1.995602073355780617e-02
2.624343914021494566e+05 8.244317127037455173e-02 1.993592704727017301e-02
2.626843289177705883e+05 8.285379887009901301e-02 1.992182087404928068e-02
2.629342664333916618e+05 8.341850175314446947e-02 1.989550565610226709e-02
2.631842039490127354e+05 8.431465603804753906e-02 1.986732560756543364e-02
2.634341414646338671e+05 8.404101023889821998e-02 1.984295669409927992e-02
2.636840789802549407e+05 8.518413070236242890e-02 1.983545595491575594e-02
2.639340164958760142e+05 8.561799759795052367e-02 1.978835718319081616e-02
2.641839540114971460e+05 8.687709664554264799e-02 1.977379524644170758e-02
2.644338915271182195e+05 8.771948539111606991e-02 1.974452054007947918e-02
2.646838290427392931e+05 8.851291909357078547e-02 1.972387306594876669e-02
2.649337665583604248e+05 8.914743957239280869e-02 1.968875090942522055e-02
2.651837040739814984e+05 8.970169642168412949e-02 1.967665036010566790e-02
2.654336415896025719e+05 9.117152917384978295e-02 1.964304243796620789e-02
2.656835791052237037e+05 9.142440618291532151e-02 1.961988387193843233e-02
2.659335166208447772e+05 9.205528964615466991e-02 1.960556719796104422e-02
2.661834541364659090e+05 9.245700987581927099e-02 1.958476298321869258e-02
2.664333916520869825e+05 9.361187074561984345e-02 1.955216455865599334e-02
2.666833291677080560e+05 9.389481663126385269e-02 1.953041097368643855e-02
2.669332666833291878e+05 9.464384303737886917e-02 1.951799053729308397e-02
2.671832041989502613e+05 9.498409650552068484e-02 1.948322735546656123e-02
2.674331417145713349e+05 9.639086299247225098e-02 1.946581419556196388e-02
2.676830792301924666e+05 9.722221721891223523e-02 1.943829168118581252e-02
2.679330167458135402e+05 9.742503798263853210e-02 1.942549094870445539e-02
2.681829542614346719e+05 9.837993400313282955e-02 1.939807670052119334e-02
2.684328917770557455e+05 9.883371798692024146e-02 1.935474312266979510e-02
2.686828292926768772e+05 9.988419174273953371e-02 1.934491292646135438e-02
2.689327668082979508e+05 1.008188176036529798e-01 1.932597688416945111e-02
2.691827043239190243e+05 1.017715427275061590e-01 1.930873063793417041e-02
2.694326418395401561e+05 1.018452849711606462e-01 1.926999926674126742e-02
2.696825793551612296e+05 1.024169176534222431e-01 1.924846980684831801e-02
2.699325168707823032e+05 1.030968721653502812e-01 1.923065323183550598e-02
2.701824543864034349e+05 1.042677035784177891e-01 1.921090647321694114e-02
2.704323919020245085e+05 1.051276299459095176e-01 1.917525729180280178e-02
2.706823294176455820e+05 1.052576609101021354e-01 1.916798724459083114e-02
2.709322669332667137e+05 1.060189409397505750e-01 1.913732865034306965e-02
2.711822044488877873e+05 1.072904870474801070e-01 1.911118174678295631e-02
2.714321419645088608e+05 1.075290465838055209e-01 1.908633283243528142e-02
2.716820794801299926e+05 1.082003951976554662e-01 1.905688162584034950e-02
2.719320169957510661e+05 1.089767645951898040e-01 1.905084276393465004e-02
2.721819545113721397e+05 1.094423942484876872e-01 1.902554015953860853e-02
2.724318920269932714e+05 1.105950218584405009e-01 1.900060888789185248e-02
2.726818295426143450e+05 1.108528476626707837e-01 1.897149086523481146e-02
2.729317670582354185e+05 1.117614374454868886e-01 1.893655926585730703e-02
2.731817045738565503e+05 1.117372089401438146e-01 1.891111268089836622e-02
2.734316420894776238e+05 1.129873969793886573e-01 1.889161650385327504e-02
2.736815796050986974e+05 1.137111897059557425e-01 1.888234074325101028e-02
2.739315171207198291e+05 1.144042547944902760e-01 1.886080934966446326e-02
2.741814546363409027e+05 1.152989581878709896e-01 1.884074070937012332e-02
2.744313921519620344e+05 1.158317741326856248e-01 1.881462364677740154e-02
2.746813296675831079e+05 1.161764824587219608e-01 1.879092064356608846e-02
2.749312671832042397e+05 1.168515968933011573e-01 1.876560056035512375e-02
2.751812046988253132e+05 1.175718309107384868e-01 1.874720879594895043e-02
2.754311422144463868e+05 1.182413348483368765e-01 1.873565696946445994e-02
2.756810797300675185e+05 1.192654558579804153e-01 1.870289497614412849e-02
2.759310172456885921e+05 1.196966548627565602e-01 1.866991202351797260e-02
2.761809547613096656e+05 1.204527587046609338e-01 1.864110779596759096e-02
2.764308922769307974e+05 1.216135028542383173e-01 1.862763404278181684e-02
2.766808297925518709e+05 1.216584465863929654e-01 1.858208020562012938e-02
2.769307673081730027e+05 1.225316036784130924e-01 1.856208277786879426e-02
2.771807048237940762e+05 1.236383058756497233e-01 1.852963168680159950e-02
2.774306423394151498e+05 1.240466865266581648e-01 1.850642518960101540e-02
2.776805798550362815e+05 1.252048572281868333e-01 1.849743693474955111e-02
2.779305173706573551e+05 1.249930440804461612e-01 1.847563013532500450e-02
2.781804548862784286e+05 1.262104626973137023e-01 1.844101248216776026e-02
2.784303924018995604e+05 1.267878493114804883e-01 1.842139051877559122e-02
2.786803299175206339e+05 1.275912911995763233e-01 1.840037350437299588e-02
2.789302674331417074e+05 1.281072524859976913e-01 1.835804946611117178e-02
2.791802049487628392e+05 1.283411258770319197e-01 1.834218035706210517e-02
2.794301424643839127e+05 1.294940711765793229e-01 1.831476463152881609e-02
2.796800799800049863e+05 1.305559125717239144e-01 1.829399679148270910e-02
2.799300174956261180e+05 1.307808568357387291e-01 1.826892903705325255e-02
2.801799550112471916e+05 1.313401928122833462e-01 1.824783673021678279e-02
2.804298925268682651e+05 1.322230792057335069e-01 1.822184689412391367e-02
2.806798300424893969e+05 1.325803058621688735e-01 1.820510936002682142e-02
2.809297675581104704e+05 1.336970049820816187e-01 1.818355961497638770e-02
2.811797050737315440e+05 1.343430611824426579e-01 1.815795444515829263e-02
2.814296425893526757e+05 1.349178445477261234e-01 1.812486950432173199e-02
2.816795801049737493e+05 1.353778175457860389e-01 1.810747797040443419e-02
2.819295176205948228e+05 1.359429700368194327e-01 1.807945943445929751e-02
2.821794551362159546e+05 1.367441759758316888e-01 1.805868634739308046e-02
2.824293926518370281e+05 1.380911884318687666e-01 1.803720945119136401e-02
2.826793301674581016e+05 1.389853338831340546e-01 1.801572725502248798e-02
2.829292676830792334e+05 1.396726131754189304e-01 1.797793279687794413e-02
2.831792051987003069e+05 1.401659761276138616e-01 1.795799793494913879e-02
2.834291427143214387e+05 1.406688193308558710e-01 1.794226641960302779e-02
2.836790802299425122e+05 1.419229030467948072e-01 1.791887034657126468e-02
2.839290177455635858e+05 1.419004290867516282e-01 1.791176415659278057e-02
2.841789552611847175e+05 1.430912476985950477e-01 1.789419434325114841e-02
2.844288927768057911e+05 1.430404599150909839e-01 1.786214237482966830e-02
2.846788302924268646e+05 1.438594545808268843e-01 1.784500944808927250e-02
2.849287678080479964e+05 1.442966021226844420e-01 1.782710237124317948e-02
2.851787053236690699e+05 1.451890191428343579e-01 1.780296791437673345e-02
2.854286428392901435e+05 1.456766574143485149e-01 1.777540195673587772e-02
2.856785803549112752e+05 1.468214956145443839e-01 1.775233872676833594e-02
2.859285178705323488e+05 1.471286740436976992e-01 1.771439974824523880e-02
2.861784553861534223e+05 1.481042505368493079e-01 1.770083342093124040e-02
2.864283929017745540e+05 1.488893578270708562e-01 1.768035312000542161e-02
2.866783304173956276e+05 1.498086646637931951e-01 1.765978306686945276e-02
2.869282679330167011e+05 1.503828062797083753e-01 1.762072357697156214e-02
2.871782054486378911e+05 1.516688729614878439e-01 1.759755821251674304e-02
2.874281429642589646e+05 1.523058164977680040e-01 1.758077482311801512e-02
2.876780804798800382e+05 1.527854758172419170e-01 1.755383395517690417e-02
2.879280179955011699e+05 1.535410663433278700e-01 1.753677181305034541e-02
2.881779555111222435e+05 1.542705769562076057e-01 1.750953505252652795e-02
2.884278930267433752e+05 1.547570381723551436e-01 1.748412284112201009e-02
2.886778305423644488e+05 1.556503348360458727e-01 1.744730455577995706e-02
2.889277680579855223e+05 1.569446867251829969e-01 1.741563682177740824e-02
2.891777055736066541e+05 1.572721924566632123e-01 1.739455004119486864e-02
2.894276430892277276e+05 1.574520669294606490e-01 1.736384877413988184e-02
2.896775806048488012e+05 1.585675901022241263e-01 1.734794567908626989e-02
2.899275181204699329e+05 1.588154175733464124e-01 1.732359074046204220e-02
2.901774556360910065e+05 1.597481545911939305e-01 1.731033962159242781e-02
2.904273931517120800e+05 1.601840304233257128e-01 1.728917698505187325e-02
2.906773306673332117e+05 1.607269756020468510e-01 1.725597894138196017e-02
2.909272681829542853e+05 1.616840829030819215e-01 1.723916787345512042e-02
2.911772056985753588e+05 1.625151748981748800e-01 1.722304592707369145e-02
2.914271432141964906e+05 1.633481830687558423e-01 1.719897838692396527e-02
2.916770807298175641e+05 1.641318703760080711e-01 1.718261926872502107e-02
2.919270182454386377e+05 1.647747696840408116e-01 1.714869437804604144e-02
2.921769557610597694e+05 1.653050354688680168e-01 1.713342461330637570e-02
2.924268932766808430e+05 1.663047706123931546e-01 1.708800201642510577e-02
2.926768307923019165e+05 1.669287229895639879e-01 1.708078051580620704e-02
2.929267683079230483e+05 1.674644017653613426e-01 1.703257986390785753e-02
2.931767058235441218e+05 1.677134803133558394e-01 1.702744749397622215e-02
2.934266433391651954e+05 1.686139097982099766e-01 1.700493940093004280e-02
2.936765808547863271e+05 1.695215893867576540e-01 1.697360641903733133e-02
2.939265183704074007e+05 1.697908900660246856e-01 1.696446821083552256e-02
2.941764558860285324e+05 1.709883662726664755e-01 1.693647210377742865e-02
2.944263934016496059e+05 1.719540181229393394e-01 1.692367591066095203e-02
2.946763309172706795e+05 1.720739219425385935e-01 1.689900234816796645e-02
2.949262684328918112e+05 1.735048233693674558e-01 1.688047889400172766e-02
2.951762059485128848e+05 1.734124988518730148e-01 1.685402851235826352e-02
2.954261434641339583e+05 1.740447514709977661e-01 1.682317149692508576e-02
2.956760809797550901e+05 1.752493813844175075e-01 1.678359211434068618e-02
2.959260184953761636e+05 1.758289462229284672e-01 1.675738495196297737e-02
2.961759560109972372e+05 1.765850075856816026e-01 1.673098707378214978e-02
2.964258935266183689e+05 1.776809562011364141e-01 1.670579204066396234e-02
2.966758310422394425e+05 1.784517799969853324e-01 1.669984963843773942e-02
2.969257685578605160e+05 1.786693767232339081e-01 1.665796482720387911e-02
2.971757060734816478e+05 1.794616991494835390e-01 1.664014235518817761e-02
2.974256435891027213e+05 1.797293153421946899e-01 1.660690284448367374e-02
2.976755811047237949e+05 1.806204990464838345e-01 1.658871039869453876e-02
2.979255186203449266e+05 1.818403754538568673e-01 1.657749161439145066e-02
2.981754561359660001e+05 1.824047861941249238e-01 1.654339569594411724e-02
2.984253936515870737e+05 1.833608375487274511e-01 1.651544595155332237e-02
2.986753311672082054e+05 1.839308415195538560e-01 1.648366360887603896e-02
2.989252686828292790e+05 1.844056088861242282e-01 1.647901783576452908e-02
2.991752061984503525e+05 1.849327224107701062e-01 1.644867224306662684e-02
2.994251437140714843e+05 1.859684026406085433e-01 1.642455967775459727e-02
2.996750812296925578e+05 1.864621386450261431e-01 1.642218105486964105e-02
2.999250187453136314e+05 1.873719335026935440e-01 1.639230207432899530e-02
